0.06
0.06
0.03
0.03
0.03
0.11
0.18
0.09
0.16
0.17
0.30
0.36
0.25
0.29
0.30
0.24
0.18
0.18
0.11
0.06
0.09
0.24
0.23
clear
0.28
0.36
0.49
0.51
0.54
0.54
0.46
0.62
0.72
0.73
0.66
0.65
0.52
0.43
0.41
0.49
0.50
0.50
0.51
0.59
0.69
0.70
0.71
0.79
power
2
-0.06
-0.18
-0.14
-0.07
0.07
0.28
0.26
0.22
0.19
0.29
0.23
0.17
0.19
0.18
0.17
0.11
0.16
0.26
0.20
0.17
0.13
0.29
0.33
0.33
clear
0.36
0.34
0.42
0.49
0.63
0.68
0.67
0.64
0.52
0.45
0.36
0.26
0.16
0.06
0.08
0.09
0.11
0.13
0.19
0.03
-0.02
-0.10
-0.17
-0.07
power
4
0.13
0.17
0.24
0.10
0.18
0.15
0.12
0.17
0.30
0.42
0.64
0.50
0.43
0.39
0.34
0.44
0.51
0.50
0.38
0.35
0.38
0.36
0.40
0.31
clear
0.13
0.03
0.01
0.05
0.25
0.35
0.48
0.62
0.70
0.73
0.66
0.63
0.68
0.65
0.54
0.47
0.31
0.26
0.30
0.18
0.15
0.25
0.40
0.41
power
6
0.12
0.03
-0.04
-0.05
-0.09
-0.16
-0.13
-0.18
-0.29
-0.17
-0.27
-0.25
-0.27
-0.39
-0.40
-0.36
-0.32
-0.33
-0.34
-0.42
-0.47
-0.56
-0.49
-0.43
clear
-0.50
-0.43
-0.38
-0.35
-0.37
-0.37
-0.42
-0.46
-0.53
-0.62
-0.67
-0.68
-0.69
-0.61
-0.66
-0.67
-0.52
-0.30
0.08
0.22
0.20
0.25
0.31
0.34
power
8
0.47
0.52
1.27
1.47
0.48
1.43
-0.21
1.90
-0.34
-0.45
1.25
0.09
-0.72
-0.71
-0.77
2.10
-0.73
-0.69
-0.68
-0.72
0.11
1.12
-0.75
-0.78
clear
-0.89
-0.89
-0.68
-0.55
-0.49
-0.50
-0.47
-0.36
-0.29
-0.17
-0.01
0.05
0.14
0.19
0.17
-0.02
-0.16
-0.26
-0.38
-0.42
-0.56
-0.52
-0.61
-0.74
power
10
0.27
0.55
0.20
0.11
0.07
0.03
-0.02
-0.02
-0.05
-0.18
-0.24
-0.21
-0.30
-0.23
-0.29
-0.32
-0.23
-0.20
-0.29
-0.38
-0.31
-0.12
-0.21
-0.27
clear
-0.46
-0.61
-0.51
-0.46
-0.43
-0.49
-0.57
-0.43
-0.34
-0.35
-0.46
-0.54
-0.44
-0.24
-0.13
-0.12
-0.20
-0.27
-0.26
-0.03
0.00
-0.08
-0.17
-0.24
power
12
0.53
1.20
1.23
1.22
1.14
1.06
1.09
1.03
1.00
1.16
1.11
1.10
1.16
1.08
1.16
1.15
1.21
1.25
1.29
1.25
1.29
1.24
1.19
1.15
clear
0.41
-0.04
0.01
-0.05
-0.03
0.05
0.35
0.45
0.56
0.56
0.67
0.57
0.45
0.52
0.43
0.40
0.34
0.25
0.12
-0.01
0.03
0.12
0.30
0.24
power
14
0.71
2.46
2.52
2.52
2.51
2.59
2.51
2.43
2.38
2.44
2.44
2.35
2.31
2.22
2.20
2.29
2.35
2.42
2.40
2.25
2.38
2.28
2.14
2.17
clear
0.61
-0.48
-0.45
-0.43
-0.35
-0.32
-0.17
0.01
0.06
0.06
-0.01
-0.05
0.04
0.22
0.20
0.32
0.30
0.26
0.22
0.30
0.25
0.17
0.07
-0.09
power
16
1.62
4.52
4.54
4.50
4.64
4.69
4.55
4.46
4.50
4.72
4.73
4.54
4.55
4.70
4.83
4.70
4.70
4.59
4.57
4.59
4.77
4.74
4.87
4.90
clear
2.15
0.15
0.11
0.06
0.08
0.21
0.22
0.32
0.39
0.33
0.37
0.47
0.47
0.53
0.55
0.60
0.60
0.64
0.63
0.68
0.78
0.83
0.87
0.76
power
18
2.39
6.63
6.66
6.42
6.30
6.23
6.07
5.78
5.95
6.00
6.14
6.28
6.18
6.01
6.00
6.12
5.89
5.86
6.04
6.26
6.26
6.36
6.25
6.03
clear
2.22
-0.89
-0.85
-0.90
-0.85
-0.82
-0.71
-0.65
-0.68
-0.69
-0.64
-0.59
-0.54
-0.44
-0.37
-0.29
-0.29
-0.24
-0.24
-0.26
-0.16
-0.02
-0.03
-0.16
power
20
4.45
9.10
9.19
9.18
9.28
8.91
8.91
8.93
8.66
8.79
8.46
8.46
8.45
8.31
8.32
8.71
8.84
8.79
8.82
8.90
8.83
8.42
8.50
8.88
clear
3.05
-0.64
-0.48
-0.49
-0.15
-0.09
0.03
-0.15
-0.12
-0.16
-0.13
-0.23
-0.37
-0.38
-0.45
-0.59
-0.62
-0.63
-0.64
-0.70
-0.73
-0.73
-0.85
-0.80
power
22
5.81
12.44
12.33
12.61
12.62
12.51
12.41
12.13
12.31
12.28
12.15
12.24
12.15
12.39
12.38
12.32
12.25
12.20
12.06
11.77
11.79
11.85
12.33
11.91
clear
4.42
-0.34
-0.44
-0.31
-0.36
-0.32
-0.22
-0.09
-0.10
-0.01
0.09
0.09
0.14
0.32
0.44
0.46
0.51
0.39
0.41
0.27
0.22
0.18
0.14
0.06
power
24
7.17
15.84
15.86
15.98
15.61
15.62
15.58
15.39
15.38
15.57
15.43
15.41
15.47
15.31
15.30
15.20
14.97
15.31
15.10
15.17
15.27
15.36
14.94
15.13
clear
5.62
-0.59
-0.56
-0.47
-0.55
-0.60
-0.64
-0.60
-0.56
-0.45
-0.39
-0.24
-0.18
-0.19
-0.17
-0.21
-0.06
0.06
0.15
0.29
0.37
0.36
0.30
0.13
power
26
7.81
19.32
19.37
19.31
19.26
19.23
19.32
19.23
19.37
19.12
18.73
18.72
18.57
18.42
18.47
19.47
19.06
18.91
18.45
18.60
18.62
18.68
19.06
18.65
clear
7.05
-0.88
-0.80
-0.81
-0.83
-0.78
-0.72
-0.67
-0.58
-0.49
-0.51
-0.47
-0.40
-0.48
-0.50
-0.48
-0.43
-0.42
-0.40
-0.16
0.05
0.16
0.12
0.14
power
28
8.89
24.43
24.27
24.21
23.87
23.91
23.67
23.80
23.21
23.26
22.77
22.48
22.65
22.58
23.11
23.06
23.41
22.96
22.61
22.72
22.84
22.87
22.20
22.82
clear
8.77
-1.02
-1.02
-1.06
-1.01
-0.98
-0.86
-0.72
-0.78
-0.80
-0.80
-0.84
-0.79
-0.79
-0.65
-0.58
-0.43
-0.40
-0.40
-0.46
-0.50
-0.39
-0.34
-0.24
power
30
9.72
28.82
28.50
28.39
28.11
27.86
27.95
28.01
27.34
27.81
27.77
27.70
27.82
27.31
26.96
26.98
27.05
27.18
27.35
27.59
27.50
27.41
27.71
28.06
clear
10.97
-1.06
-1.08
-1.04
-1.01
-1.00
-1.03
-1.23
-1.25
-1.34
-1.40
-1.42
-1.33
-1.17
-1.02
-0.95
-0.81
-0.68
-0.63
-0.67
-0.60
-0.73
-0.77
-0.82
power
32
9.51
33.42
34.15
33.82
33.36
33.51
32.81
32.97
33.29
32.88
33.15
33.29
33.38
33.37
33.28
33.34
32.68
32.56
32.46
32.68
33.05
33.60
33.53
33.21
clear
13.72
-0.21
-0.15
-0.11
-0.12
-0.18
-0.16
-0.16
-0.17
-0.18
-0.21
-0.24
-0.25
-0.19
-0.21
-0.16
0.02
0.01
0.15
0.31
0.36
0.32
0.50
0.57
power
34
12.15
39.58
39.15
39.36
38.90
39.31
38.57
38.67
38.35
38.59
38.55
38.44
38.56
38.92
37.81
37.39
38.66
38.68
38.89
38.60
38.63
38.38
38.40
37.94
clear
14.90
-1.12
-1.10
-1.17
-1.17
-1.19
-1.06
-1.03
-0.94
-1.01
-0.99
-0.97
-0.89
-0.82
-0.68
-0.67
-0.61
-0.57
-0.53
-0.42
-0.30
-0.22
-0.19
-0.16
power
36
13.76
45.57
45.30
45.39
45.57
45.70
45.58
45.22
45.63
45.08
44.41
43.57
43.71
43.10
43.21
43.32
43.50
43.37
43.12
44.06
43.68
43.70
42.00
42.24
clear
16.67
-1.21
-1.22
-1.18
-1.24
-1.15
-1.23
-1.17
-1.20
-1.25
-1.18
-1.18
-1.20
-1.30
-1.34
-1.20
-1.13
-1.03
-0.87
-0.74
-0.60
-0.38
-0.31
-0.23
power
38
15.23
51.24
51.20
51.55
51.50
51.66
51.25
50.82
50.49
50.53
50.63
50.92
50.52
50.52
49.87
50.02
50.22
50.19
49.57
50.21
50.31
50.79
51.28
50.45
clear
19.74
-1.13
-1.18
-1.17
-1.03
-1.06
-1.07
-1.04
-1.11
-1.12
-1.07
-1.00
-1.01
-0.75
-0.66
-0.48
-0.34
-0.32
-0.25
-0.14
-0.16
-0.07
-0.08
-0.10
power
40
16.97
58.07
57.97
57.27
57.43
57.60
56.96
57.21
57.48
56.42
56.09
55.86
55.94
56.55
56.27
56.32
56.21
55.77
55.81
56.16
56.19
55.95
55.45
55.66
clear
21.63
-1.15
-1.10
-1.04
-1.04
-1.01
-1.05
-1.09
-1.06
-1.10
-1.07
-1.01
-0.94
-1.01
-0.96
-0.89
-0.81
-0.83
-0.84
-0.85
-0.68
-0.44
-0.23
-0.19
power
42
19.14
64.96
65.34
65.37
65.13
64.87
65.12
64.56
64.46
64.63
64.58
64.32
63.56
63.08
62.81
63.44
64.36
64.48
63.81
63.86
63.11
63.15
62.63
62.98
clear
24.82
-0.75
-0.79
-0.76
-0.73
-0.71
-0.73
-0.83
-0.81
-0.80
-0.77
-0.66
-0.80
-0.71
-0.51
-0.39
-0.24
-0.27
-0.17
-0.12
-0.01
0.14
0.14
0.14
power
44
18.42
72.19
72.73
72.89
71.90
71.76
71.69
71.50
72.45
71.75
72.16
71.52
71.24
71.35
71.97
73.40
72.59
72.05
72.32
71.98
72.35
71.86
72.19
72.35
clear
30.60
-0.43
-0.45
-0.41
-0.40
-0.63
-0.63
-0.54
-0.44
-0.27
-0.30
-0.19
-0.01
0.02
0.07
0.09
0.14
0.18
0.20
0.11
0.15
0.28
0.25
0.33
power
46
21.06
81.10
81.54
80.98
80.61
80.73
79.52
80.06
80.28
80.40
80.21
79.75
79.51
79.67
79.97
81.00
80.61
80.55
80.35
79.96
78.97
80.31
81.47
81.37
clear
34.25
-0.45
-0.41
-0.37
-0.34
-0.38
-0.39
-0.39
-0.31
-0.25
-0.29
-0.25
-0.32
-0.40
-0.26
-0.24
-0.12
-0.10
0.05
0.02
0.09
0.13
0.21
0.17
power
48
22.46
88.71
88.69
87.91
87.88
86.58
86.71
85.86
86.57
87.25
87.69
87.48
88.34
86.57
87.64
88.65
88.93
89.34
89.07
90.65
90.72
90.73
89.56
89.01
clear
35.70
-0.46
-0.50
-0.56
-0.38
-0.46
-0.36
-0.40
-0.43
-0.35
-0.34
-0.28
-0.14
-0.05
-0.02
0.04
-0.07
-0.13
-0.06
-0.06
-0.03
-0.00
0.08
0.11
power
50
24.98
97.43
97.05
96.60
96.89
95.98
95.35
95.34
94.72
95.56
96.41
96.56
96.36
96.15
95.83
95.69
94.63
95.86
95.19
96.35
96.52
96.85
96.23
96.22
clear
38.19
-0.55
-0.53
-0.52
-0.51
-0.51
-0.49
-0.42
-0.38
-0.35
-0.27
-0.20
-0.14
-0.19
-0.12
-0.01
0.04
0.13
0.13
0.06
0.13
0.19
0.30
0.30
power
52
21.55
104.73
105.41
106.18
105.37
104.11
103.20
104.05
104.40
103.85
104.25
103.68
103.07
103.22
103.56
103.89
103.04
103.23
102.16
103.03
103.40
102.83
102.63
102.96
clear
44.39
-1.13
-1.00
-1.03
-0.97
-0.99
-1.03
-0.97
-1.01
-0.93
-0.93
-0.96
-1.01
-1.02
-0.93
-0.97
-0.88
-0.78
-0.65
-0.56
-0.34
-0.30
-0.19
-0.13
power
54
21.55
112.30
113.29
112.66
112.50
111.50
111.72
112.98
111.48
110.56
112.28
112.73
111.46
112.14
111.29
111.22
111.55
110.18
110.46
111.76
112.84
112.06
112.15
111.88
clear
46.77
-0.99
-0.98
-0.94
-0.94
-0.99
-0.98
-1.00
-0.98
-0.93
-0.97
-0.93
-0.92
-0.83
-0.87
-0.80
-0.81
-0.74
-0.64
-0.57
-0.51
-0.47
-0.44
-0.38
power
56
27.43
121.89
121.94
121.41
121.62
121.76
120.51
121.43
122.23
121.77
121.92
120.75
121.25
121.48
122.57
123.78
121.60
121.52
121.25
122.94
122.12
122.90
122.29
121.93
clear
50.20
-0.66
-0.49
-0.45
-0.46
-0.44
-0.49
-0.43
-0.41
-0.50
-0.41
-0.45
-0.41
-0.41
-0.34
-0.16
-0.11
-0.06
0.09
0.11
0.15
0.19
0.15
0.21
power
58
31.45
130.96
132.14
131.52
130.17
130.04
129.96
129.65
130.09
128.33
129.80
129.39
129.79
131.01
131.63
129.22
128.62
130.02
130.81
130.39
129.56
129.55
130.78
129.93
clear
51.88
-0.89
-1.04
-0.96
-0.85
-0.90
-0.92
-0.84
-0.82
-0.85
-0.72
-0.79
-0.76
-0.76
-0.64
-0.54
-0.50
-0.39
-0.37
-0.30
-0.31
-0.29
-0.36
-0.45
power
60
32.92
139.91
141.88
142.02
140.70
140.83
141.73
140.27
140.69
141.98
141.15
140.35
140.18
141.35
141.24
139.88
139.45
139.52
139.81
139.58
139.11
138.56
138.25
139.38
clear
60.54
-0.11
-0.13
-0.15
-0.12
-0.13
-0.06
-0.09
-0.08
-0.07
-0.06
-0.04
-0.06
-0.09
0.02
-0.01
0.10
0.21
0.29
0.27
0.32
0.41
0.47
0.48
power
62
32.52
150.32
152.09
152.34
151.67
150.69
150.39
149.74
149.49
148.89
149.68
151.35
150.64
150.32
150.63
150.12
150.19
149.07
148.96
149.43
149.07
150.06
150.52
149.54
clear
61.35
-0.17
0.40
0.72
0.92
1.15
1.26
1.40
1.55
1.63
1.62
1.62
1.65
1.71
1.69
1.70
1.84
1.97
2.06
2.17
2.33
2.46
2.55
2.60
power
64
34.94
157.35
159.08
158.73
158.72
159.19
159.71
158.53
158.23
156.06
155.76
155.45
155.61
153.89
154.87
155.20
154.32
154.15
154.13
153.69
154.76
156.92
155.63
154.83
clear
59.70
-2.57
-1.79
-1.37
-1.14
-0.90
-0.70
-0.48
-0.40
-0.25
-0.17
-0.07
0.09
0.18
0.28
0.42
0.46
0.60
0.61
0.83
0.89
0.91
0.98
1.08
power
66
12.70
161.25
169.58
169.80
169.47
167.56
167.76
167.92
166.52
166.82
167.38
167.12
166.34
166.77
166.15
166.25
165.87
167.14
166.27
165.22
165.34
165.41
165.46
165.26
clear
67.92
-4.09
-3.69
-3.21
-2.86
-2.55
-2.44
-2.18
-2.13
-1.97
-1.85
-1.85
-1.80
-1.77
-1.72
-1.64
-2.72
-3.37
-3.31
-3.18
-2.92
-2.76
-2.66
-2.45
power
68
37.16
179.87
182.29
182.38
182.73
183.43
183.84
182.18
181.37
179.57
178.57
180.30
183.14
180.53
179.30
177.79
177.00
176.51
176.09
176.09
176.67
177.44
179.14
180.65
clear
73.13
-1.27
-1.40
-1.38
-1.24
-1.21
-1.16
-1.18
-1.14
-1.11
-1.10
-1.06
-1.07
-1.07
-1.12
-1.14
-1.03
-0.96
-0.90
-0.79
-0.80
-0.79
-0.82
-0.69
power
70
41.03
192.00
194.00
194.25
194.49
195.34
194.46
194.22
194.42
194.29
193.51
192.97
192.95
192.05
192.13
192.41
192.45
192.72
192.92
192.65
192.02
192.03
193.18
194.26
clear
75.19
-0.42
-0.48
-0.50
-0.47
-0.41
-0.41
-0.39
-0.41
-0.37
-0.36
-0.32
-0.35
-0.31
-0.31
-0.26
-0.26
-0.17
-0.12
-0.17
-0.17
-0.09
-0.10
-0.06
power
72
38.33
204.58
206.26
205.75
204.61
203.85
202.41
201.26
201.43
203.13
202.70
202.12
202.32
203.32
204.06
204.02
203.50
201.74
203.51
203.53
203.31
205.35
203.82
204.90
clear
86.62
0.16
-0.35
-0.25
-0.06
0.10
0.32
0.32
0.34
0.23
0.02
-0.18
-0.22
-0.11
-0.14
