-0.21
-0.25
-0.25
-0.28
-0.27
-0.31
-0.33
-0.30
-0.30
-0.35
-0.33
-0.40
-0.27
clear
-0.17
-0.30
-0.26
-0.29
-0.31
-0.35
-0.45
-0.48
-0.39
-0.50
-0.47
-0.48
-0.49
-0.47
-0.55
-0.55
-0.52
-0.54
-0.56
-0.62
-0.63
-0.66
-0.60
-0.59
power
3
0.01
0.04
-0.04
0.05
0.03
0.04
0.06
0.03
-0.03
0.02
-0.03
-0.02
-0.04
0.06
-0.01
-0.04
-0.09
-0.01
0.00
-0.02
-0.05
0.03
-0.00
0.02
clear
0.00
0.07
0.02
0.02
0.05
-0.02
-0.10
-0.03
-0.07
-0.18
-0.10
-0.13
-0.13
-0.15
-0.13
-0.12
-0.15
-0.14
-0.12
-0.03
0.00
-0.08
-0.06
0.00
power
6
-0.01
0.04
-0.06
-0.04
0.04
0.03
0.02
-0.03
-0.05
-0.07
-0.09
-0.09
-0.09
-0.08
-0.13
-0.16
-0.01
-0.09
-0.06
-0.08
-0.11
-0.13
-0.03
-0.05
clear
-0.02
-0.03
-0.14
-0.16
-0.18
-0.26
-0.19
-0.19
-0.19
-0.15
-0.23
-0.18
-0.19
-0.25
-0.21
-0.20
-0.21
-0.14
-0.15
-0.14
-0.04
-0.04
-0.10
-0.07
power
9
-0.05
-0.17
-0.22
-0.23
-0.22
-0.18
-0.21
-0.29
-0.19
-0.12
-0.25
-0.35
-0.24
-0.25
-0.30
-0.25
-0.26
-0.32
-0.41
-0.41
-0.55
-0.49
-0.50
-0.39
clear
-0.42
-0.48
-0.38
-0.31
-0.33
-0.40
-0.43
-0.41
-0.45
-0.49
-0.47
-0.55
-0.60
-0.63
-0.67
-0.59
-0.53
-0.48
-0.43
-0.48
-0.46
-0.49
-0.49
-0.49
power
12
0.05
0.12
0.13
0.05
-0.13
-0.20
-0.18
-0.16
-0.12
-0.11
-0.19
-0.30
-0.25
-0.23
-0.10
0.00
0.03
0.18
0.16
0.07
-0.00
0.07
0.22
0.18
clear
0.18
0.18
0.15
0.22
0.15
0.21
0.23
0.24
0.34
0.30
0.21
0.19
0.21
0.15
0.12
0.11
0.13
0.14
0.15
0.18
0.08
0.01
0.00
-0.10
power
15
0.15
0.08
0.14
0.25
0.34
0.33
0.42
0.42
0.46
0.38
0.41
0.33
0.26
0.30
0.30
0.21
0.17
0.18
0.23
0.20
0.19
0.13
0.26
0.33
clear
0.21
0.12
0.05
0.07
0.04
-0.03
-0.06
-0.14
-0.05
-0.08
-0.17
-0.15
-0.16
-0.14
-0.15
-0.14
-0.14
-0.19
-0.18
-0.12
-0.10
-0.14
-0.08
-0.15
power
18
0.27
0.55
0.65
0.86
0.80
0.71
0.71
0.78
0.84
0.85
0.74
0.75
0.66
0.76
0.79
0.78
0.87
0.87
0.94
1.03
0.95
0.99
1.03
1.17
clear
1.09
0.96
0.93
0.88
0.88
0.81
0.84
0.84
0.78
0.81
0.79
0.74
0.76
0.79
0.73
0.72
0.78
0.83
0.86
0.84
0.88
0.81
0.82
0.78
power
21
0.41
0.72
0.90
1.02
1.44
1.53
1.46
1.48
1.26
1.22
1.25
1.43
1.62
1.61
1.49
1.49
1.52
1.33
1.30
1.30
1.41
1.48
1.58
1.58
clear
1.75
1.81
1.86
1.76
1.60
1.56
1.63
1.63
1.55
1.57
1.53
1.50
1.55
1.51
1.48
1.52
1.46
1.48
1.44
1.41
1.31
1.36
1.41
1.34
power
24
0.61
1.37
1.29
1.54
1.67
1.71
1.63
1.71
1.73
1.73
1.83
1.56
1.52
1.57
1.48
1.51
1.62
1.58
1.62
1.58
1.66
1.58
1.53
1.58
clear
1.58
1.74
1.53
1.51
1.47
1.39
1.33
1.32
1.32
1.31
1.25
1.28
1.31
1.23
1.27
1.22
1.45
1.37
1.22
1.52
1.26
1.74
1.68
1.31
power
27
0.98
2.96
2.90
3.03
3.29
3.36
3.31
3.43
3.72
3.51
3.47
3.48
3.38
3.41
3.54
3.78
3.87
3.84
3.84
3.78
3.37
3.37
3.73
3.99
clear
3.68
3.39
3.30
3.30
2.71
2.57
3.16
3.05
3.09
3.05
2.98
2.98
2.94
3.02
2.98
3.02
2.93
2.92
2.96
2.83
2.93
3.02
3.01
2.93
power
30
0.89
2.95
3.38
3.51
3.57
3.56
3.23
3.04
3.46
3.76
3.52
3.88
3.35
3.50
3.70
3.98
3.61
3.86
3.80
3.66
3.48
3.50
3.32
3.32
clear
2.99
2.44
2.50
2.41
2.38
2.38
2.31
2.28
2.23
2.14
2.15
2.13
2.12
2.09
2.08
2.05
2.08
2.08
2.03
2.00
2.05
1.99
1.94
1.97
power
33
1.16
4.24
4.36
4.73
4.77
4.59
4.20
4.88
4.95
4.64
5.15
5.14
4.64
4.73
4.50
4.47
4.63
4.60
4.51
4.73
4.76
4.92
4.68
4.64
clear
3.31
2.47
2.42
2.28
2.14
2.20
2.10
2.11
2.14
1.94
-0.55
-0.19
-0.22
-0.20
-0.02
0.07
-0.09
0.07
0.08
-0.18
-0.28
-0.37
-0.17
0.06
power
36
1.87
11.02
11.77
11.82
12.16
12.29
11.91
11.37
11.32
11.08
11.46
10.89
11.14
10.90
11.43
11.18
11.23
11.61
11.62
11.21
11.24
11.64
11.38
11.63
clear
6.01
2.11
1.91
1.80
1.66
1.69
1.69
1.65
1.60
1.65
1.63
1.65
1.60
1.49
1.59
1.53
1.53
1.54
1.51
1.47
1.52
1.43
1.41
1.43
power
39
3.45
18.81
18.69
18.42
18.58
18.84
19.61
19.94
19.43
18.78
18.02
17.12
17.10
17.44
17.38
17.37
17.46
17.43
17.41
17.43
17.65
17.91
18.26
17.59
clear
2.23
-7.71
-7.65
-7.83
-8.03
-8.12
-8.26
-8.26
-8.32
-8.37
-8.21
-8.13
-8.09
-8.07
-8.10
-8.15
-8.18
-8.26
-8.30
-7.88
-7.72
-7.67
-7.75
-7.68
power
42
7.45
32.49
33.36
32.64
32.77
33.97
33.12
33.00
32.62
32.66
32.79
32.71
32.51
31.55
30.83
31.13
31.48
31.65
31.93
31.88
31.72
31.35
31.04
32.07
clear
15.81
6.30
6.85
6.74
6.50
6.31
6.40
6.27
6.17
6.10
6.03
6.04
6.11
6.11
6.12
6.08
6.05
6.09
6.00
5.93
5.92
5.94
5.97
5.99
power
45
6.80
35.35
34.90
35.83
35.86
35.67
36.14
36.56
36.35
35.94
36.90
36.58
36.32
36.18
36.02
36.86
35.82
36.45
37.37
37.59
37.53
37.31
37.74
38.35
clear
16.58
3.35
3.22
3.16
3.11
3.07
3.14
3.12
3.05
3.03
2.99
2.96
2.93
2.89
2.93
2.88
2.93
2.87
2.88
2.93
2.83
2.87
2.80
2.89
power
48
7.20
44.12
45.71
45.92
45.52
46.27
46.75
46.79
46.07
46.60
45.70
45.60
45.25
46.25
46.22
45.38
46.96
52.00
55.48
58.39
59.11
58.09
54.20
52.92
clear
28.60
13.18
9.51
7.81
7.63
7.23
7.11
6.98
7.09
6.97
7.04
6.96
7.08
7.08
7.16
7.51
7.67
8.35
7.47
7.03
9.23
9.65
8.96
9.82
power
51
8.63
49.89
50.61
51.74
50.55
49.41
47.85
47.63
49.12
47.19
48.46
48.40
47.99
47.39
45.91
45.76
47.03
46.10
45.82
45.65
46.28
45.89
45.51
45.09
clear
15.80
-4.14
-5.10
-5.11
-5.45
-6.04
-9.33
-10.80
-10.29
-9.83
-9.45
-10.26
-9.92
-9.95
-10.05
-9.78
-10.02
-10.03
-10.05
-9.93
-11.05
-11.21
-11.28
-11.30
power
54
13.17
66.83
66.67
66.93
65.30
64.86
63.90
64.15
62.74
61.66
62.45
64.21
64.64
61.78
61.90
61.32
61.69
63.00
62.30
62.44
62.66
61.47
62.88
61.62
clear
32.39
13.57
13.39
12.76
12.14
11.67
11.20
10.52
10.49
11.12
11.50
11.16
10.60
10.50
10.26
9.73
9.89
10.34
10.07
9.27
8.93
8.87
8.91
9.24
power
57
11.83
63.31
63.79
63.44
63.31
62.55
61.79
61.24
61.09
61.74
62.09
60.43
60.97
61.20
58.73
60.61
61.04
61.79
61.25
61.56
62.04
61.04
59.75
58.63
clear
30.78
9.27
8.59
9.14
9.67
9.25
8.96
8.15
7.70
7.60
7.52
7.40
7.31
7.38
7.65
7.47
6.62
6.41
6.50
6.15
6.56
6.93
7.14
7.19
power
60
11.20
66.05
68.01
69.77
69.99
67.75
67.76
67.72
64.26
63.10
64.23
64.52
62.78
62.48
62.26
63.69
63.19
60.85
63.83
64.85
64.53
62.75
63.29
64.22
clear
28.91
5.44
4.67
4.08
3.11
2.55
2.24
1.88
2.18
1.87
1.89
2.10
2.49
1.87
0.87
0.85
0.49
0.75
1.49
1.97
2.23
1.57
0.63
0.98
power
63
10.61
77.31
79.15
78.42
78.23
78.36
76.50
75.48
76.74
73.73
73.77
76.10
78.63
77.51
75.91
76.73
77.02
74.45
75.18
75.92
75.71
74.14
76.75
74.61
clear
33.89
2.64
0.84
1.08
0.89
0.78
0.67
0.41
0.32
0.05
-0.53
-0.71
-1.62
-1.93
-2.03
-2.35
-2.63
-2.75
-2.60
-2.95
-3.00
-3.16
-3.56
-3.50
power
66
15.52
88.70
92.29
93.89
92.16
90.49
90.24
89.94
89.73
89.96
92.41
92.87
90.37
89.76
89.30
89.50
91.13
90.44
92.23
92.40
93.35
91.84
90.45
88.91
clear
38.59
2.48
1.86
2.69
2.96
3.19
2.83
2.03
1.85
2.12
2.11
2.21
2.37
2.66
2.78
2.62
2.33
2.31
2.73
3.09
3.17
3.16
2.77
2.45
power
69
12.62
98.37
102.00
102.02
102.73
102.22
101.48
100.58
97.86
100.74
101.51
99.86
98.54
98.26
97.93
99.48
98.01
98.42
96.72
98.65
99.25
98.92
98.40
99.44
clear
41.97
0.21
-0.73
-0.20
0.01
-0.26
-0.14
0.44
0.22
0.22
0.03
-0.70
-1.03
-1.10
-1.05
-0.87
-0.37
-0.71
-0.63
-0.60
-1.10
-1.55
-1.65
-1.63
power
72
15.31
111.03
115.39
114.28
114.66
110.57
110.45
111.37
111.46
111.31
110.68
110.99
112.63
111.22
113.89
112.35
112.45
110.62
109.82
112.19
112.67
111.74
113.01
112.15
clear
45.74
0.06
-8.00
-4.03
-4.55
-6.95
-5.71
-5.90
-5.67
-6.68
-7.33
-7.37
-11.68
-16.17
-16.70
-16.40
-16.38
-16.34
-16.34
-16.31
-16.17
-16.08
-16.06
-16.03
power
75
27.70
