-0.07
-0.05
-0.09
-0.06
-0.13
-0.17
-0.18
-0.21
-0.24
-0.22
-0.19
-0.15
-0.12
-0.04
-0.03
-0.02
-0.00
0.01
-0.04
0.00
-0.05
-0.13
-0.05
-0.07
clear
0.03
0.00
0.04
0.01
0.06
0.00
-0.01
-0.00
0.01
0.02
0.05
0.18
0.33
0.36
0.35
0.34
0.30
0.28
0.24
0.27
0.20
0.24
0.34
0.33
power
2
0.01
-0.05
-0.04
-0.04
-0.05
-0.04
0.04
-0.11
-0.10
-0.11
-0.12
-0.06
-0.07
-0.04
-0.06
-0.05
-0.13
-0.20
-0.16
-0.12
-0.06
0.07
0.09
0.12
clear
0.02
0.07
-0.01
0.08
0.30
0.41
0.42
0.44
0.45
0.37
0.25
0.28
0.23
0.21
0.18
0.09
0.08
0.06
-0.05
-0.12
-0.17
-0.13
-0.08
-0.03
power
4
-0.01
0.08
0.06
0.11
0.12
0.12
0.07
-0.04
0.02
-0.10
-0.18
-0.14
-0.08
-0.11
-0.05
-0.04
-0.08
-0.06
-0.13
-0.14
-0.21
-0.12
-0.09
-0.02
clear
0.07
0.16
0.11
0.04
0.00
-0.02
-0.03
-0.09
-0.02
-0.03
-0.07
-0.10
-0.13
-0.16
-0.12
-0.06
-0.07
-0.01
-0.02
-0.05
-0.07
-0.08
-0.08
-0.05
power
6
0.03
0.04
0.01
0.08
0.18
0.27
0.23
0.20
0.17
0.16
0.08
0.11
0.20
0.15
0.13
0.07
0.06
0.02
0.03
-0.00
0.01
-0.04
-0.01
-0.00
clear
-0.04
-0.07
-0.05
-0.11
-0.13
-0.10
-0.08
-0.17
-0.20
-0.17
-0.09
-0.15
-0.14
-0.12
-0.14
-0.03
0.05
0.08
0.15
0.08
0.11
0.02
0.02
0.04
power
8
0.53
0.42
1.39
1.42
1.59
1.28
0.13
2.50
0.13
0.06
2.34
0.09
-0.87
-0.89
-0.85
2.65
-0.96
-1.00
-1.03
-1.04
-0.69
1.78
-1.03
-0.90
clear
-0.82
-0.74
-0.78
-0.73
-0.67
-0.63
-0.63
-0.67
-0.76
-0.84
-0.93
-0.93
-0.94
-0.94
-0.93
-0.86
-0.90
-0.91
-0.99
-0.96
-1.02
-0.99
-1.04
-1.06
power
10
0.68
1.17
0.81
0.86
0.81
0.79
0.85
0.94
0.88
0.90
0.93
0.98
0.91
0.88
0.93
0.91
0.92
1.05
1.05
1.10
1.14
1.16
1.18
1.13
clear
0.99
0.89
0.93
0.96
0.88
0.87
0.84
0.78
0.77
0.90
0.95
1.03
1.04
1.05
0.98
0.99
1.03
1.06
1.20
1.13
1.11
1.02
1.13
1.03
power
12
0.41
1.55
1.48
1.51
1.57
1.56
1.44
1.50
1.49
1.53
1.67
1.55
1.58
1.57
1.52
1.59
1.48
1.53
1.57
1.53
1.46
1.41
1.45
1.45
clear
0.64
0.04
0.09
0.15
0.10
0.13
0.13
0.06
0.12
0.10
0.12
0.11
0.01
-0.01
0.01
0.02
-0.09
-0.03
0.03
0.08
0.02
-0.06
0.05
0.19
power
14
0.99
3.10
3.15
3.07
3.10
3.10
3.09
3.17
2.79
2.86
3.05
2.90
2.84
2.80
2.70
2.57
2.52
2.71
2.85
2.87
2.73
2.87
2.99
2.81
clear
1.02
-0.30
-0.08
0.03
0.05
0.07
0.20
0.21
0.24
0.22
0.31
0.26
0.25
0.19
0.19
0.14
0.06
0.17
0.15
0.09
0.05
0.17
0.17
0.20
power
16
2.16
5.10
5.14
5.19
5.29
5.10
4.97
4.88
4.82
4.92
4.94
4.94
4.78
4.74
4.69
4.90
5.00
4.97
5.20
5.25
5.17
5.45
5.02
4.97
clear
1.86
-0.19
-0.08
-0.05
0.03
0.14
0.10
0.05
0.10
-0.01
-0.04
-0.10
-0.17
-0.16
-0.24
-0.21
-0.26
-0.30
-0.40
-0.33
-0.33
-0.30
-0.30
-0.39
power
18
2.79
7.36
7.52
7.43
7.56
7.70
7.65
7.69
7.62
7.60
7.70
7.78
7.55
7.57
7.48
7.37
7.52
7.70
7.69
7.79
7.70
7.70
7.76
7.82
clear
3.21
0.19
0.23
0.18
0.26
0.33
0.33
0.35
0.26
0.46
0.50
0.41
0.35
0.31
0.36
0.25
0.37
0.46
0.54
0.52
0.33
0.11
-0.06
-0.05
power
20
4.57
10.40
10.72
10.79
10.82
10.97
10.98
10.70
10.77
10.79
10.49
10.45
10.83
10.61
10.75
10.83
10.87
10.77
10.87
10.77
10.80
10.77
10.75
10.72
clear
4.25
0.06
0.14
0.26
0.18
0.15
0.22
0.20
0.23
0.33
0.27
0.29
0.37
0.39
0.44
0.36
0.34
0.35
0.28
0.27
0.27
0.15
0.24
0.16
power
22
6.34
13.85
14.10
14.37
14.49
14.51
14.38
14.31
14.16
13.75
14.00
14.31
14.03
13.81
13.97
14.14
14.41
13.92
13.78
14.12
14.28
13.94
13.64
13.77
clear
4.99
-0.58
-0.65
-0.65
-0.58
-0.61
-0.65
-0.64
-0.64
-0.62
-0.55
-0.54
-0.50
-0.60
-0.57
-0.53
-0.55
-0.57
-0.54
-0.52
-0.48
-0.55
-0.57
-0.61
power
24
8.31
17.59
18.14
18.30
18.16
18.35
18.31
18.36
18.18
18.35
18.22
18.01
17.91
17.84
18.08
18.18
18.13
18.08
17.89
17.71
17.94
17.82
17.41
17.59
clear
6.84
-0.18
-0.20
-0.20
-0.17
-0.08
-0.08
0.01
-0.05
0.02
-0.00
0.01
-0.06
-0.09
-0.07
-0.12
-0.09
-0.08
-0.07
-0.02
0.10
0.09
-0.02
-0.01
power
26
8.96
22.13
22.19
21.76
22.03
21.96
21.93
22.00
21.94
22.35
22.33
22.10
22.08
22.06
21.75
21.50
21.71
22.08
22.32
21.84
21.84
21.73
21.94
21.96
clear
9.46
-0.04
-0.06
-0.00
-0.04
-0.08
-0.09
-0.00
0.15
0.15
0.25
0.32
0.23
0.24
0.20
0.17
0.17
0.16
0.10
0.04
0.09
0.04
0.06
-0.02
power
28
9.51
26.50
26.82
27.03
27.05
27.13
27.17
27.32
27.06
27.29
27.44
27.04
27.73
27.31
27.09
27.24
27.72
27.88
26.83
27.29
26.84
26.95
26.74
27.06
clear
11.40
0.17
0.20
0.18
0.19
0.27
0.35
0.37
0.47
0.47
0.53
0.59
0.49
0.49
0.47
0.47
0.38
0.43
0.44
0.47
0.45
0.46
0.48
0.47
power
30
10.91
31.13
31.44
31.99
31.43
31.02
31.07
31.66
31.42
31.40
31.06
31.10
31.49
31.94
31.46
31.17
31.41
31.58
31.69
31.53
31.48
31.29
30.92
31.15
clear
12.38
0.18
0.57
0.60
0.64
0.65
0.67
0.64
0.72
0.79
0.80
0.92
0.89
0.88
0.84
0.82
0.87
0.85
0.82
0.73
0.72
0.79
0.75
0.72
power
32
11.97
35.28
35.97
35.63
35.93
35.96
36.20
36.68
36.65
36.33
35.79
35.09
34.82
35.99
36.24
35.64
35.21
35.71
36.00
35.94
35.83
35.76
35.89
36.15
clear
13.30
-1.15
-1.13
-1.02
-1.08
-1.08
-1.00
-0.98
-0.82
-0.83
-0.77
-0.72
-0.76
-0.75
-0.78
-0.79
-0.87
-0.91
-0.91
-0.94
-0.92
-0.91
-0.82
-0.88
power
34
14.43
42.54
42.69
43.14
43.70
43.22
42.90
43.13
42.97
42.02
42.68
43.57
43.25
42.89
42.85
42.51
42.81
42.75
43.19
43.54
42.80
42.71
43.08
44.09
clear
18.06
-0.29
-0.22
-0.22
-0.16
-0.14
-0.07
-0.08
-0.14
-0.40
-0.39
-0.30
-0.27
-0.28
-0.26
-0.18
-0.09
-0.02
0.02
0.02
-0.02
-0.07
-0.03
0.09
power
36
12.93
48.25
49.13
48.93
48.95
48.78
48.01
48.55
48.52
48.10
48.19
48.68
47.93
47.86
48.46
49.51
48.62
48.14
47.76
47.83
48.77
49.71
50.12
49.38
clear
19.64
-0.30
-0.26
-0.29
-0.27
-0.25
-0.29
-0.22
-0.25
-0.27
-0.23
-0.19
-0.18
-0.22
-0.27
-0.18
-0.17
-0.20
-0.17
-0.19
-0.19
-0.22
-0.24
-0.20
power
38
16.08
55.33
55.71
54.98
55.17
55.31
55.48
55.35
55.37
55.53
55.81
45.32
54.85
54.63
54.65
54.56
54.70
54.87
54.53
54.50
54.96
55.20
clear
22.52
-0.35
-0.29
-0.32
-0.32
-0.27
-0.29
-0.22
-0.24
-0.17
-0.17
-0.11
-0.09
-0.13
-0.10
-0.18
-0.12
-0.15
-0.19
-0.16
-0.17
-0.20
-0.14
-0.11
power
40
15.99
62.43
63.31
62.76
63.14
62.47
62.37
61.95
62.09
61.32
61.36
61.29
61.32
61.03
61.32
61.73
61.12
59.75
61.47
61.12
61.04
61.78
62.72
61.78
clear
24.49
-0.13
-0.17
-0.22
-0.23
-0.15
-0.15
-0.15
-0.08
-0.06
-0.12
-0.08
-0.10
-0.16
-0.09
-0.04
0.01
-0.01
-0.00
-0.03
-0.02
-0.01
-0.00
-0.05
power
42
19.45
69.30
69.94
69.63
69.34
70.18
70.39
70.47
69.92
69.00
68.85
68.78
68.34
68.61
68.97
68.33
68.53
68.45
69.01
68.77
67.93
68.07
69.08
69.15
clear
29.65
0.01
-0.01
0.10
0.08
0.09
0.12
1.92
0.18
0.22
0.14
0.22
0.18
0.16
0.22
0.17
0.14
0.20
0.18
0.15
0.19
0.23
power
44
20.74
76.47
76.55
76.27
76.96
76.54
75.99
74.92
73.01
74.22
74.49
74.40
75.43
75.51
75.08
75.78
75.25
76.06
75.32
75.34
77.04
75.82
74.99
75.47
clear
29.96
-0.31
-0.20
-0.17
-0.18
-0.10
-0.08
-0.06
-0.02
-0.04
-0.03
-0.06
-0.11
-0.19
-0.23
-0.25
-0.22
-0.27
-0.27
-0.18
-0.22
-0.15
-0.07
-0.10
power
46
23.18
84.24
84.53
85.29
86.11
68.88
84.42
85.37
85.61
85.29
84.88
84.24
84.82
84.63
84.63
83.88
83.79
83.86
83.77
83.82
68.71
83.78
clear
35.52
-0.18
-0.04
0.02
0.08
0.13
0.13
0.06
0.17
0.26
0.22
0.21
0.20
0.27
0.27
0.27
0.29
0.22
0.18
0.23
0.18
0.19
0.14
0.13
power
48
22.43
75.57
93.52
93.01
92.62
92.10
92.50
94.51
95.47
77.25
92.76
93.36
93.96
93.62
82.43
92.47
92.25
91.74
clear
37.47
-0.11
-0.09
-0.13
-0.18
-0.10
-0.16
-0.14
-0.12
-0.13
-0.10
-0.17
-0.12
-0.08
-0.16
-0.19
-0.22
-0.23
-0.17
-0.22
-0.20
-0.15
-0.05
-0.03
power
50
24.49
101.41
103.70
103.77
102.48
101.79
101.73
102.68
103.19
102.49
102.19
102.41
103.13
104.07
103.68
103.07
102.89
102.60
101.19
100.42
101.89
100.89
81.46
100.43
clear
41.99
-0.01
0.06
0.11
0.09
0.03
0.02
-0.01
-0.10
1.63
-0.05
-0.03
-0.02
-0.15
-0.10
-0.08
-0.09
0.02
-0.01
0.02
-0.05
-0.08
power
52
18.62
109.56
110.90
110.04
109.91
93.02
110.89
110.84
110.14
111.25
110.97
110.65
109.76
109.27
109.82
110.03
109.66
110.10
110.57
110.10
110.05
108.85
clear
47.43
0.05
-0.03
0.08
0.10
0.09
0.09
0.13
0.12
0.02
0.10
0.06
0.05
0.10
0.05
0.03
0.05
0.12
0.08
0.10
0.12
0.11
0.15
0.08
power
54
28.23
118.67
119.43
118.31
118.08
118.17
117.85
117.80
117.89
118.91
97.33
118.78
117.55
117.67
118.95
96.28
118.13
117.91
117.71
117.00
clear
50.35
0.03
0.10
0.15
0.18
0.22
0.25
0.23
0.26
0.27
0.40
0.37
0.40
0.44
0.46
0.32
0.39
0.46
0.48
0.49
0.45
0.45
0.41
2.05
power
56
27.22
126.12
127.88
126.52
126.67
126.64
126.25
128.10
128.29
128.23
127.50
103.35
127.90
126.31
126.50
126.01
125.42
125.42
125.43
126.24
126.33
126.59
clear
52.60
-1.06
-1.06
-1.02
-1.01
0.55
-0.95
-0.96
-0.92
-0.88
-0.96
-0.92
-0.88
-0.94
-0.93
-0.98
-1.00
-0.93
-0.91
-0.90
-0.87
-0.95
power
58
28.29
134.67
136.94
137.37
109.90
109.57
136.68
110.24
134.11
134.21
134.60
134.44
134.29
133.80
133.09
132.93
133.66
134.49
clear
58.42
0.48
0.48
1.97
0.43
0.45
1.94
0.48
0.42
0.45
0.43
0.42
0.40
0.41
0.39
0.42
0.42
0.43
0.47
0.39
power
60
26.65
143.78
145.81
144.90
145.11
145.33
145.66
144.65
145.63
145.36
144.46
143.74
143.20
144.60
144.98
144.09
142.76
143.10
143.01
116.31
144.61
145.59
clear
61.91
0.36
0.43
0.43
0.40
0.38
0.40
0.42
0.41
0.41
0.41
1.87
0.42
0.43
0.47
0.42
2.19
0.43
0.46
0.40
power
62
30.95
151.53
153.24
152.70
152.07
152.13
152.69
151.92
152.87
154.22
154.15
152.86
152.73
151.91
151.85
151.40
150.76
150.72
151.16
151.37
151.49
153.53
153.62
153.21
clear
62.29
-0.58
-0.56
-0.59
-0.56
-0.57
-0.59
-0.60
-0.52
-0.56
-0.61
-0.58
-0.63
-0.62
-0.65
-0.68
-0.71
-0.65
-0.64
-0.58
-0.66
-0.63
-0.62
-0.74
power
64
31.39
161.21
162.43
161.24
160.92
130.31
162.00
160.95
162.65
162.70
162.89
162.94
163.11
162.93
161.55
161.01
160.85
161.84
131.28
163.16
clear
68.38
0.46
0.47
0.44
0.45
0.47
0.45
0.47
0.49
0.53
0.53
0.47
0.46
0.45
0.44
0.41
0.44
0.36
0.42
0.48
0.40
0.42
0.32
0.26
power
66
27.07
169.88
172.30
173.12
172.19
171.41
171.13
172.31
172.47
172.43
171.00
171.35
172.33
173.33
174.37
173.77
173.78
173.90
173.39
172.25
170.68
170.54
169.99
170.88
clear
69.06
0.08
0.13
0.16
0.18
0.22
0.12
0.17
0.18
0.22
0.24
0.18
0.26
0.22
0.26
0.24
0.24
0.22
0.27
0.29
0.43
0.33
0.21
0.09
power
68
37.21
180.40
181.05
180.49
180.59
181.46
181.27
180.04
180.79
180.70
181.04
180.24
179.17
179.36
180.76
180.67
146.36
181.57
180.88
181.69
183.13
183.90
clear
77.44
0.31
0.30
1.27
0.35
0.39
0.49
0.43
0.39
0.35
0.34
0.32
0.40
0.40
0.42
0.39
0.33
0.37
0.39
0.32
0.35
0.43
power
70
29.41
188.00
192.11
192.74
192.77
192.14
192.19
191.66
190.17
189.93
190.04
190.01
189.91
190.26
190.91
189.86
190.35
190.49
190.48
190.80
192.11
191.12
191.09
191.02
clear
79.55
1.12
-0.02
-0.00
-0.08
-0.03
-0.03
-0.09
-0.09
-0.04
-0.04
-0.02
1.21
-0.09
-0.01
-0.03
-0.08
-0.10
-0.09
0.07
power
72
42.48
199.62
201.04
161.76
199.96
200.35
199.79
199.49
198.73
198.59
199.11
198.69
199.02
198.47
198.55
200.91
202.18
201.71
201.60
162.31
201.08
clear
81.11
-0.00
0.04
0.06
