-0.03
0.00
0.01
-0.05
0.02
-0.03
-0.05
-0.03
-0.05
-0.03
-0.03
-0.09
-0.02
-0.08
-0.10
-0.09
-0.06
-0.04
-0.03
power
4
0.02
0.04
-0.01
-0.02
-0.02
0.01
0.05
0.02
-0.02
-0.02
-0.07
-0.06
-0.13
-0.13
-0.11
-0.12
-0.12
-0.20
-0.21
-0.22
-0.20
-0.25
-0.23
-0.21
clear
-0.18
-0.20
-0.20
-0.28
-0.19
-0.24
-0.16
-0.19
-0.15
-0.16
-0.18
-0.11
-0.15
-0.12
-0.18
-0.10
-0.14
-0.14
-0.15
-0.12
-0.15
-0.08
-0.15
-0.14
power
6
-0.02
-0.03
0.04
-0.02
0.02
0.03
0.05
-0.01
0.08
0.03
0.07
0.01
-0.03
0.01
-0.07
-0.06
-0.10
-0.03
0.00
0.02
-0.04
-0.05
-0.05
-0.01
clear
-0.07
-0.06
-0.07
-0.06
-0.14
-0.12
-0.03
-0.07
-0.08
-0.10
-0.10
-0.13
-0.11
-0.14
-0.18
-0.15
-0.08
-0.10
-0.14
-0.09
-0.08
-0.08
-0.07
-0.17
power
8
0.06
0.20
0.83
0.44
1.09
1.72
-0.16
2.12
-0.19
-0.16
1.77
0.29
-0.17
-0.14
-0.14
2.52
-0.14
-0.04
-0.11
-0.15
0.94
1.13
-0.18
-0.23
clear
-0.25
-0.25
-0.20
-0.21
-0.16
-0.22
-0.24
-0.28
-0.28
-0.32
-0.27
-0.28
-0.34
-0.30
-0.35
-0.36
-0.38
-0.38
-0.35
-0.35
-0.27
-0.25
-0.20
-0.21
power
10
0.21
0.35
0.18
0.16
0.16
0.10
0.09
0.00
-0.03
0.05
0.02
0.07
0.12
0.09
0.04
0.03
0.04
0.05
0.03
0.00
-0.02
-0.01
-0.08
-0.07
clear
-0.15
-0.21
-0.22
-0.19
-0.19
-0.24
-0.25
-0.31
-0.30
-0.24
-0.24
-0.27
-0.31
-0.24
-0.26
-0.28
-0.21
-0.30
-0.23
-0.20
-0.24
-0.25
-0.23
-0.19
power
12
0.23
0.86
0.98
0.96
0.89
0.97
0.91
0.96
0.93
1.00
0.92
0.96
0.99
1.02
0.99
1.00
0.99
0.98
0.92
0.95
0.96
0.90
0.91
0.86
clear
0.36
-0.05
-0.13
-0.00
-0.08
-0.10
-0.07
-0.05
-0.08
-0.07
-0.09
-0.10
-0.08
-0.08
-0.14
-0.08
-0.09
-0.10
-0.05
-0.10
-0.13
-0.08
-0.13
-0.15
power
14
0.90
2.25
2.29
2.33
2.34
2.32
2.30
2.39
2.32
2.41
2.27
2.19
2.19
2.25
2.21
2.16
2.25
2.22
2.14
2.22
2.23
2.20
2.24
2.26
clear
0.88
-0.12
-0.11
-0.11
-0.12
-0.19
-0.18
-0.07
-0.11
-0.14
-0.20
-0.29
-0.22
-0.24
-0.26
-0.22
-0.25
-0.23
-0.20
-0.20
-0.24
-0.24
-0.27
-0.27
power
16
1.66
4.06
4.17
4.17
4.15
4.27
4.24
4.24
4.12
4.13
4.22
4.24
4.18
4.09
4.23
4.01
3.87
3.94
4.06
4.14
4.13
4.03
3.86
3.98
clear
1.77
0.13
0.18
0.09
0.01
0.10
0.07
0.09
0.09
0.08
0.05
0.03
-0.01
-0.05
-0.01
-0.04
0.00
0.01
0.11
0.11
0.09
0.09
0.05
-0.01
power
18
1.74
5.86
5.74
5.84
5.69
5.74
6.06
5.99
5.61
5.52
5.63
5.67
5.80
5.73
5.75
5.84
5.89
5.79
5.70
5.82
5.76
5.70
5.63
5.68
clear
2.27
-0.16
-0.17
-0.31
-0.50
-0.41
-0.38
-0.41
-0.36
-0.34
-0.37
-0.32
-0.37
-0.30
-0.31
-0.29
-0.32
-0.30
-0.33
-0.33
-0.28
-0.27
-0.25
-0.30
power
20
3.81
8.18
8.24
8.20
8.25
8.30
8.18
8.36
8.60
8.28
8.30
8.29
8.62
8.55
8.40
8.44
8.51
8.55
8.47
8.54
8.52
8.52
8.51
8.48
clear
3.63
-0.07
-0.21
-0.30
-0.19
-0.17
-0.05
-0.00
-0.04
-0.10
-0.08
-0.03
-0.01
0.02
-0.08
-0.10
-0.05
-0.10
-0.08
-0.13
-0.08
-0.05
-0.02
-0.04
power
22
4.85
10.69
10.62
10.69
10.83
10.90
10.95
10.80
11.22
11.33
11.00
11.03
10.97
10.99
11.27
11.10
11.15
11.11
10.93
10.97
11.23
11.03
11.24
11.28
clear
4.32
-0.09
-0.11
-0.13
-0.11
-0.05
-0.01
-0.09
-0.06
-0.08
-0.11
-0.04
-0.10
-0.05
-0.07
-0.07
-0.05
-0.12
-0.07
-0.12
-0.05
-0.05
-0.12
-0.10
power
24
4.02
13.70
13.57
13.84
14.17
14.11
13.99
14.27
14.03
14.42
14.24
13.95
14.00
14.29
14.42
14.24
14.31
14.34
14.34
14.23
14.63
14.17
14.04
14.05
clear
5.86
0.09
-0.04
0.00
0.09
0.07
0.05
0.05
0.07
0.11
0.08
0.06
0.09
0.05
0.01
0.04
0.01
-0.04
-0.04
-0.05
-0.02
-0.02
-0.05
-0.03
power
26
6.23
16.93
17.06
17.13
17.21
17.43
17.60
17.81
17.63
17.38
17.54
17.80
17.73
17.60
17.51
17.70
17.49
17.96
17.80
18.19
18.24
17.72
17.80
17.52
clear
7.47
0.08
-0.03
-0.01
0.06
0.09
0.11
0.15
0.14
0.18
0.17
0.17
0.22
0.20
0.19
0.16
0.18
0.11
0.11
0.09
0.17
0.11
0.14
0.14
power
28
7.81
20.47
20.74
20.85
21.05
21.28
21.63
21.53
21.55
21.35
21.54
21.49
21.56
21.11
21.59
21.76
21.48
21.30
21.18
21.25
21.61
21.41
21.65
21.73
clear
9.27
0.10
0.04
-0.00
-0.09
-0.02
0.02
0.07
-0.02
-0.02
-0.08
-0.01
-0.01
-0.03
-0.01
-0.05
-0.05
-0.05
0.01
0.02
0.00
-0.03
0.00
-0.01
power
30
7.60
24.70
25.10
25.06
25.17
25.57
25.67
25.59
26.04
26.18
25.99
25.80
25.58
25.53
25.34
26.12
26.05
25.54
25.51
25.43
25.88
26.18
26.04
26.26
clear
10.23
-0.08
-0.07
-0.11
-0.04
-0.06
0.01
0.06
0.07
0.10
0.11
0.10
0.09
0.01
0.05
-0.03
-0.03
-0.01
0.04
-0.03
0.05
-0.01
-0.02
-0.02
power
32
9.28
29.33
29.94
29.90
30.01
29.86
30.14
30.31
29.70
30.19
30.18
30.03
30.15
30.20
30.17
29.99
30.17
29.41
29.74
30.37
30.31
30.40
30.44
30.21
clear
12.02
0.03
-0.02
0.02
-0.10
-0.14
-0.09
0.00
-0.00
-0.01
0.01
-0.03
-0.00
0.07
0.12
0.09
0.06
0.03
0.06
-0.00
0.02
0.05
0.01
0.09
power
34
6.37
33.53
34.50
34.87
34.92
35.10
35.00
34.99
35.44
35.09
35.40
35.16
35.21
35.36
34.90
35.02
35.31
35.63
35.33
35.37
35.07
35.16
35.25
34.94
clear
14.62
0.09
0.02
0.04
0.06
0.06
0.16
0.16
0.12
0.22
0.21
0.25
0.28
0.22
0.26
0.18
0.23
0.16
0.16
0.16
0.12
0.08
0.13
0.15
power
36
10.46
39.40
40.38
40.94
40.84
40.82
40.97
40.98
40.41
40.10
40.22
40.61
40.54
40.13
40.56
40.16
41.17
41.14
40.35
40.48
40.80
41.12
41.35
40.93
clear
17.17
-0.07
-0.01
-0.12
-0.09
-0.02
-0.14
-0.11
-0.02
0.03
0.03
-0.00
0.07
-0.04
0.02
-0.02
0.02
-0.01
-0.02
0.01
-0.03
0.00
-0.02
-0.05
power
38
13.38
45.16
45.53
46.09
46.53
46.45
46.68
47.15
46.80
47.07
46.32
46.11
46.39
46.58
46.45
47.12
47.21
46.22
46.58
47.31
46.55
46.51
45.96
46.31
clear
18.02
0.19
0.09
0.13
0.09
0.01
0.13
0.12
0.20
0.28
0.26
0.24
0.27
0.34
0.21
0.17
0.22
0.15
0.11
0.14
0.03
0.05
0.13
0.08
power
40
11.41
50.71
51.77
52.82
53.62
52.94
53.19
53.06
53.08
53.08
52.76
52.06
52.77
53.07
52.76
52.48
52.69
52.89
52.33
51.86
52.31
53.48
53.96
54.27
clear
21.04
-0.06
-0.13
-0.04
-0.07
-0.06
-0.10
0.00
0.03
0.00
-0.03
-0.03
0.02
0.04
0.03
0.06
-0.02
-0.03
-0.00
0.03
0.04
-0.00
0.01
0.01
power
42
13.87
57.05
58.17
58.87
58.73
59.41
59.01
58.87
59.56
59.41
59.32
58.09
58.08
58.03
58.68
59.41
59.15
59.50
59.33
59.67
58.30
57.70
57.86
58.13
clear
23.87
-0.07
-0.12
-0.12
-0.06
-0.11
-0.11
-0.05
-0.06
-0.09
-0.07
-0.08
-0.04
-0.06
-0.07
-0.06
-0.02
-0.04
0.01
0.01
-0.05
0.03
-0.01
-0.04
power
44
18.22
63.67
65.68
65.27
65.08
65.99
66.19
65.81
65.93
65.95
65.66
65.35
65.38
65.49
65.91
65.70
65.95
65.88
65.61
65.56
65.00
64.27
64.16
64.07
clear
26.30
-0.06
-0.14
-0.10
-0.06
-0.03
-0.11
-0.04
-0.11
-0.09
-0.07
-0.04
-0.03
-0.02
-0.00
-0.04
-0.00
0.06
0.01
0.04
0.02
0.04
0.05
0.02
power
46
13.94
70.18
72.25
73.16
73.10
72.50
73.20
72.81
72.63
72.73
71.73
71.64
70.87
70.71
70.63
71.04
71.19
71.96
72.03
71.60
71.32
72.23
72.49
72.52
clear
27.50
0.05
0.09
0.08
0.00
0.01
0.04
0.07
0.11
0.04
0.06
0.04
0.06
0.09
0.04
0.04
0.01
0.01
0.01
-0.00
-0.04
0.03
-0.02
0.02
power
48
19.87
78.05
79.51
80.08
79.49
79.13
79.13
79.53
79.32
79.26
77.69
78.78
78.44
78.17
77.46
78.44
77.88
77.29
77.07
77.91
78.74
79.01
78.62
79.34
clear
30.55
0.17
0.21
0.11
0.16
0.22
0.16
0.15
0.14
0.13
0.16
0.15
0.17
0.13
0.14
0.19
0.15
0.11
0.11
0.14
0.11
0.07
0.06
0.10
power
50
19.28
84.35
87.49
87.50
87.19
87.14
86.73
86.50
86.25
86.03
86.43
86.46
86.50
86.09
85.38
85.97
86.28
85.75
85.04
84.43
84.23
84.72
85.02
84.55
clear
32.46
0.05
0.04
-0.02
-0.08
-0.08
-0.07
-0.11
-0.05
-0.02
-0.06
-0.06
-0.03
0.01
0.03
-0.02
-0.03
0.05
0.03
0.02
0.02
0.01
-0.01
0.02
power
52
20.27
92.40
94.46
94.85
94.98
94.47
94.08
94.00
94.59
95.07
93.92
94.26
94.37
94.15
94.79
94.23
94.29
93.66
94.21
93.59
92.93
93.88
93.12
92.82
clear
36.25
0.03
0.04
0.00
0.03
0.04
0.07
0.08
0.04
0.08
0.09
0.07
0.11
0.09
0.10
0.17
0.14
0.22
0.16
0.15
0.10
0.16
0.16
0.11
power
54
19.23
99.31
102.14
101.71
103.39
102.73
102.65
102.10
100.95
101.03
100.37
99.93
99.65
100.55
100.61
101.32
102.25
102.87
101.53
101.07
100.92
100.39
100.44
99.99
clear
39.42
0.05
0.01
-0.05
-0.06
-0.14
-0.12
-0.10
-0.11
-0.15
-0.07
0.02
-0.07
-0.03
-0.01
-0.04
-0.09
-0.08
-0.07
-0.12
-0.11
-0.07
-0.06
0.00
power
56
24.13
106.27
108.98
110.68
110.50
110.05
109.59
109.01
108.30
107.20
106.96
107.85
107.47
107.64
108.36
108.21
108.79
107.97
107.75
108.05
108.72
108.20
107.33
107.81
clear
43.82
0.12
0.08
0.00
-0.03
0.01
0.00
-0.05
-0.02
0.04
0.00
0.01
0.00
0.01
0.03
0.05
0.08
0.05
0.08
0.06
0.06
0.07
0.05
0.05
power
58
12.45
112.13
117.60
116.73
117.07
116.84
117.69
117.84
117.10
116.49
116.08
115.65
115.06
115.89
115.91
115.55
115.75
115.31
115.41
114.93
114.60
114.62
114.70
115.06
clear
46.54
-0.01
0.02
-0.02
-0.08
-0.12
-0.09
-0.03
-0.05
-0.03
-0.05
-0.04
-0.05
-0.07
0.01
-0.03
-0.03
0.03
-0.02
0.04
0.05
0.03
0.07
0.04
power
60
20.85
120.95
123.46
124.06
124.03
124.35
124.90
124.19
124.79
124.31
123.68
123.98
122.53
122.50
122.97
123.56
123.05
122.72
122.02
121.90
122.70
121.96
121.34
121.38
clear
49.46
0.01
0.04
-0.07
-0.12
-0.18
-0.19
-0.13
-0.14
-0.10
-0.06
-0.04
-0.06
-0.02
-0.02
0.02
-0.07
-0.01
-0.01
0.01
0.02
0.02
0.03
0.01
power
62
28.12
129.58
131.74
132.16
132.20
131.59
130.36
130.47
130.97
130.99
130.80
130.98
130.44
130.66
130.61
129.58
128.42
128.46
127.62
128.17
128.43
127.86
128.01
128.08
clear
53.19
0.07
0.10
0.06
0.07
0.08
0.03
0.09
0.01
0.08
0.11
0.12
0.09
0.08
0.08
0.08
0.13
0.15
0.09
0.10
0.07
0.11
0.17
0.16
power
64
26.17
137.64
139.51
139.34
139.22
138.46
137.95
137.71
137.26
137.36
136.55
136.04
135.42
136.72
136.38
136.33
136.03
135.68
135.41
135.94
135.95
134.40
133.62
134.27
clear
56.24
-0.04
-0.02
-0.12
-0.16
-0.12
-0.11
-0.14
-0.20
-0.21
-0.16
-0.16
-0.18
-0.09
-0.15
-0.08
-0.09
-0.08
-0.05
-0.05
-0.07
-0.11
-0.04
-0.06
power
66
23.29
141.90
143.00
145.84
145.37
145.19
143.62
144.06
143.39
142.40
142.77
142.02
142.43
142.30
141.69
142.41
141.84
140.21
139.83
139.30
139.48
141.89
140.48
139.22
clear
53.01
0.08
-0.03
-0.05
-0.04
-0.09
-0.02
-0.07
-0.10
-0.06
-0.07
-0.05
-0.07
-0.04
-0.06
0.03
0.06
0.00
-0.03
0.06
0.01
0.02
0.04
-0.01
power
68
28.35
148.64
151.50
150.86
149.93
148.40
148.24
148.70
148.16
146.02
145.61
145.06
146.23
146.29
146.81
148.39
146.71
145.88
145.07
144.90
145.51
146.39
144.57
144.44
clear
55.69
0.05
0.12
0.00
-0.01
0.06
0.05
0.03
0.06
0.07
0.10
0.06
0.10
0.04
0.08
-0.00
0.03
0.05
0.07
0.04
0.08
0.10
0.09
0.07
power
70
25.86
152.40
155.03
153.88
152.91
153.12
152.62
151.88
151.90
151.04
150.47
150.40
147.84
148.04
148.39
147.93
147.49
146.81
145.95
145.05
144.28
145.12
145.44
146.63
clear
57.46
-0.02
0.02
-0.07
-0.02
-0.13
-0.15
-0.14
-0.14
-0.15
-0.12
-0.13
-0.04
-0.05
-0.04
-0.13
-0.07
-0.00
-0.05
0.00
-0.04
-0.08
-0.05
-0.05
