power
0
-0.11
-0.13
-0.07
0.04
0.10
-0.17
-0.15
-0.22
-0.33
-0.32
-0.47
-0.29
-0.61
-0.70
-0.63
-0.58
-0.50
-0.52
-0.49
-0.46
-0.37
-0.41
-0.43
-0.45
clear
-0.47
-0.55
-0.52
-0.52
-0.63
-0.69
-0.45
-0.55
-0.64
-0.49
-0.51
-0.68
-0.67
-0.65
-0.65
-0.65
-0.75
-0.76
-0.89
-0.90
-0.87
-0.96
-0.95
-0.91
power
2
-0.02
-0.14
-0.14
-0.18
-0.13
-0.09
-0.14
-0.17
-0.24
-0.19
-0.17
-0.09
-0.06
0.10
0.24
0.20
0.15
0.01
-0.02
-0.08
-0.14
-0.33
-0.33
-0.38
clear
-0.35
-0.45
-0.40
-0.24
-0.08
-0.17
-0.01
0.01
-0.07
-0.14
-0.24
-0.34
-0.45
-0.48
-0.54
-0.54
-0.45
-0.37
-0.43
-0.43
-0.49
-0.51
-0.43
-0.46
power
4
-0.01
0.07
0.04
-0.03
-0.04
-0.18
-0.11
-0.07
-0.11
-0.18
-0.12
-0.14
-0.24
-0.27
-0.37
-0.30
-0.22
-0.08
-0.10
-0.13
-0.17
-0.06
-0.21
-0.17
clear
0.21
0.33
0.19
-0.04
-0.12
-0.09
0.05
0.26
-0.04
-0.22
-0.02
0.11
0.12
0.09
0.05
0.08
0.00
0.04
-0.02
-0.05
-0.07
0.06
0.14
0.29
power
6
-0.13
-0.20
-0.13
0.00
-0.08
-0.10
-0.02
0.20
0.20
0.14
-0.06
-0.22
-0.21
-0.13
-0.22
-0.37
-0.45
-0.39
-0.17
-0.06
-0.24
-0.31
-0.38
-0.35
clear
-0.40
-0.48
-0.57
-0.67
-0.78
-0.73
-0.80
-0.81
-0.83
-0.67
-0.67
-0.67
-0.70
-0.74
-0.74
-0.74
-0.77
-0.81
-0.90
-0.95
-0.94
-0.96
-0.93
-0.99
power
8
0.63
0.41
0.64
1.01
1.03
-1.23
-0.86
0.45
-0.81
-0.81
2.02
-0.44
-0.43
-0.49
2.38
0.93
-0.09
-0.06
-0.08
-0.06
2.65
-0.53
-0.48
-0.45
clear
-0.37
-0.48
-0.47
-0.40
-0.39
-0.36
-0.33
-0.33
-0.41
-0.39
-0.46
-0.39
-0.40
-0.38
-0.47
-0.51
-0.43
-0.42
-0.48
-0.47
-0.43
-0.41
-0.42
-0.47
power
10
0.25
0.33
0.21
0.31
0.28
0.26
0.15
0.13
0.18
0.21
0.18
0.25
0.43
0.27
0.22
0.23
0.21
0.15
0.11
0.14
0.21
0.17
0.27
0.31
clear
0.05
-0.06
-0.13
-0.15
-0.09
-0.16
-0.09
-0.11
-0.16
-0.05
-0.06
-0.09
-0.08
-0.10
-0.15
-0.14
-0.12
-0.03
-0.02
-0.06
-0.00
-0.06
-0.11
-0.13
power
12
0.94
1.98
1.85
1.76
1.66
1.60
1.39
1.39
1.41
1.31
1.39
1.48
1.41
1.36
1.38
1.38
1.16
1.16
1.11
1.36
1.34
1.50
1.53
1.41
clear
0.55
0.14
0.14
0.15
0.19
0.16
0.17
0.13
0.15
0.17
0.15
0.21
0.20
0.24
0.25
0.32
0.34
0.35
0.34
0.24
0.15
0.15
0.27
0.20
power
14
0.78
2.37
2.25
2.08
2.03
1.97
1.69
1.82
1.50
2.04
2.02
1.82
1.99
1.92
1.86
1.78
1.66
1.64
1.76
1.67
1.50
1.63
1.77
1.84
clear
0.54
-0.26
-0.32
-0.25
-0.32
-0.33
-0.36
-0.32
-0.37
-0.45
-0.40
-0.35
-0.32
-0.29
-0.29
-0.20
-0.23
-0.22
-0.24
-0.27
-0.21
-0.22
-0.26
-0.25
power
16
1.65
3.96
3.86
3.71
3.65
3.42
3.73
3.46
3.41
2.84
2.91
3.33
3.73
3.79
3.74
3.67
3.71
3.42
3.32
3.35
3.56
3.70
3.88
3.84
clear
1.06
-0.60
-0.60
-0.54
-0.56
-0.56
-0.56
-0.69
-0.63
-0.59
-0.58
-0.54
-0.51
-0.57
-0.61
-0.60
-0.57
-0.62
-0.57
-0.53
-0.60
-0.61
-0.62
-0.62
power
18
2.39
5.35
5.38
5.40
5.69
5.57
5.67
5.82
5.97
5.85
5.77
6.08
6.00
5.81
5.63
5.50
5.74
5.89
5.88
5.91
5.64
5.37
5.55
5.68
clear
2.05
-0.54
-0.55
-0.53
-0.51
-0.59
-0.57
-0.67
-0.76
-0.67
-0.69
-0.69
-0.56
-0.66
-0.65
-0.61
-0.62
-0.61
-0.58
-0.64
-0.68
-0.65
-0.65
-0.57
power
20
2.54
6.16
6.23
6.09
5.96
6.48
6.35
6.43
6.36
5.94
5.86
5.98
6.14
6.40
6.63
6.58
6.77
6.42
6.75
6.39
6.34
5.89
6.51
6.62
clear
1.55
-2.04
-2.03
-2.02
-2.07
-2.02
-2.03
-2.05
-2.02
-2.01
-2.06
-2.11
-2.15
-2.11
-2.14
-2.11
-2.09
-2.04
-2.00
-2.07
-2.10
-1.98
-1.99
-2.04
power
22
5.42
10.79
10.68
10.67
10.91
10.55
10.34
10.65
10.88
11.07
10.85
10.48
10.32
10.86
11.11
10.92
10.75
11.15
11.25
10.84
10.75
10.60
10.69
11.01
clear
4.67
0.04
0.22
0.13
0.12
0.06
-0.01
0.04
0.06
-0.03
-0.12
0.07
0.12
0.12
0.15
0.20
0.10
0.12
0.13
0.10
0.12
0.17
0.15
0.10
power
24
6.15
13.56
13.82
14.49
14.27
14.29
14.54
14.05
14.08
14.30
14.03
14.40
14.47
14.65
14.41
14.31
14.80
14.55
14.26
13.96
13.95
14.49
14.97
14.38
clear
6.24
0.22
0.17
0.19
0.26
0.16
0.18
0.10
0.11
0.16
0.17
0.16
0.16
0.16
0.11
0.12
0.12
0.12
0.14
0.16
0.06
0.12
0.08
0.11
power
26
7.21
17.13
17.54
17.90
18.02
17.81
17.14
18.07
18.26
18.06
18.37
17.82
18.45
18.59
18.28
17.42
17.89
18.04
18.43
18.17
17.98
18.59
17.86
17.35
clear
6.99
0.06
0.14
0.07
0.13
0.11
0.03
0.07
-0.02
-0.02
0.03
0.13
0.11
0.05
-0.00
0.04
0.04
-0.03
0.04
0.00
0.03
0.02
0.01
0.03
power
28
8.45
21.52
21.78
21.36
21.15
22.00
21.46
21.22
21.89
21.96
21.49
21.28
20.62
22.13
23.05
23.01
23.25
23.90
23.44
23.42
23.19
22.48
22.00
21.86
clear
9.12
-0.00
0.03
-0.03
0.04
-0.00
-0.02
-0.09
-0.11
-0.08
-0.09
-0.05
-0.09
-0.10
-0.03
-0.09
-0.08
-0.13
-0.07
-0.04
-0.09
-0.07
-0.14
-0.14
power
30
9.55
26.75
26.93
27.13
27.33
27.17
26.06
25.89
25.56
25.54
25.81
26.76
27.01
26.89
25.97
26.59
26.72
27.34
27.25
28.15
28.44
27.25
26.63
26.46
clear
11.02
0.26
0.29
0.29
0.28
0.33
0.36
0.25
0.13
0.16
0.12
0.14
0.18
0.15
0.20
0.20
0.17
0.19
0.26
0.23
0.28
0.26
0.26
0.32
power
32
9.02
30.44
31.63
31.53
30.98
30.98
30.42
30.70
31.87
31.32
31.72
31.49
31.67
31.43
30.90
31.22
32.10
32.16
31.85
31.36
31.40
31.00
31.61
31.20
clear
12.31
-0.66
-0.66
-0.70
-0.74
-0.71
-0.67
-0.68
-0.72
-0.69
-0.77
-0.70
-0.71
-0.62
-0.58
-0.63
-0.61
-0.65
-0.70
-0.70
-0.66
-0.69
-0.76
-0.72
power
34
11.59
35.87
36.06
35.94
35.66
36.57
36.12
36.22
36.06
36.07
35.94
36.06
36.17
35.84
35.27
35.79
36.80
37.97
38.50
38.11
38.13
37.49
37.45
37.39
clear
16.47
0.40
0.43
0.35
0.36
0.39
0.35
0.37
0.36
0.44
0.38
0.35
0.37
0.34
0.34
0.40
0.42
0.39
0.34
0.35
0.35
0.43
0.38
0.27
power
36
11.59
42.37
44.03
44.57
42.79
42.74
43.36
43.89
44.83
43.71
43.78
44.17
43.68
43.33
44.06
43.88
42.52
41.40
41.30
41.10
40.90
41.24
41.15
40.45
clear
16.71
0.22
0.20
0.24
0.21
0.20
0.26
0.22
0.24
0.17
0.18
0.22
0.23
0.22
0.26
0.25
0.20
0.26
0.27
0.24
0.15
0.22
0.20
0.26
power
38
13.05
47.92
47.27
47.59
47.08
46.06
47.12
48.41
48.43
48.63
47.15
47.42
47.75
46.96
47.58
46.72
46.99
46.44
47.00
47.44
47.24
47.96
48.04
47.15
clear
19.71
0.03
0.04
0.04
0.04
0.10
0.13
0.07
0.08
0.04
0.03
-0.01
0.03
0.05
0.03
-0.02
0.02
-0.00
-0.03
-0.03
-0.01
0.00
0.01
0.07
power
40
14.52
53.59
53.60
53.23
52.47
50.60
52.49
52.41
51.29
51.70
52.62
53.07
52.29
51.92
51.10
51.32
51.12
50.66
50.80
51.57
51.58
50.18
51.55
50.89
clear
22.18
-0.21
-0.29
-0.31
-0.33
-0.34
-0.32
-0.28
-0.31
-0.32
-0.26
-0.30
-0.29
-0.25
-0.25
-0.22
-0.27
-0.28
-0.27
-0.21
-0.16
-0.23
-0.25
-0.25
power
42
16.85
57.62
59.10
59.09
60.48
59.59
58.99
57.90
56.97
59.78
59.46
57.84
58.60
57.63
57.44
57.18
57.03
57.41
56.88
58.67
57.73
57.79
57.46
56.99
clear
24.60
0.09
0.07
0.05
0.04
-0.04
0.04
0.06
-0.01
0.04
-0.04
-0.02
0.01
0.03
0.03
0.04
0.01
-0.02
0.03
0.05
0.03
0.09
0.03
0.03
power
44
16.86
62.73
65.82
63.50
63.14
63.15
63.55
64.50
65.13
64.06
63.16
63.09
62.56
63.06
64.89
64.44
63.78
64.79
65.36
65.06
65.87
65.87
64.70
65.17
clear
27.52
0.21
0.15
0.18
0.08
0.13
0.10
0.17
0.10
0.15
0.12
0.13
0.13
0.08
0.13
0.17
0.05
0.14
0.10
0.09
0.10
0.08
0.06
0.09
power
46
17.48
69.02
68.10
69.88
71.56
71.38
70.87
71.83
70.77
70.15
73.74
73.68
73.48
70.98
71.14
72.68
73.36
73.66
74.20
74.66
73.51
75.20
76.91
76.99
clear
30.89
0.68
0.63
0.56
0.56
0.56
0.61
0.61
0.68
0.68
0.61
0.64
0.64
0.63
0.70
0.64
0.59
0.57
0.60
0.61
0.61
0.59
0.61
0.55
power
48
20.78
78.83
78.75
77.30
77.39
78.58
79.11
78.40
78.84
78.94
77.67
78.20
78.89
79.81
79.58
81.50
82.79
81.37
79.68
79.43
78.35
80.22
79.50
81.02
clear
34.86
-0.01
-0.05
-0.09
-0.06
-0.03
0.00
0.00
-0.03
-0.04
-0.06
-0.03
0.00
-0.04
-0.02
-0.00
-0.03
-0.01
-0.02
-0.04
-0.09
0.00
-0.06
-0.03
power
50
19.90
83.84
84.95
85.17
83.99
85.96
85.33
84.24
85.33
85.37
85.49
86.42
87.79
90.04
89.95
88.83
87.32
85.21
85.55
86.07
86.82
87.96
88.12
87.09
clear
36.35
0.03
-0.01
-0.01
-0.01
0.02
-0.06
0.00
-0.03
-0.03
-0.04
-0.09
-0.05
-0.11
-0.04
-0.07
-0.08
-0.12
-0.06
-0.07
-0.11
-0.05
-0.06
0.02
power
52
18.18
91.47
93.63
91.63
94.53
95.53
95.53
96.25
95.16
94.96
95.24
95.01
96.81
96.97
96.71
96.99
96.40
94.84
93.63
94.70
94.59
94.89
95.11
94.17
clear
37.56
-0.06
-0.04
-0.08
-0.09
-0.09
-0.11
-0.14
-0.12
-0.15
-0.16
-0.15
-0.17
-0.21
-0.15
-0.19
-0.14
-0.17
-0.14
-0.18
-0.10
-0.11
-0.18
-0.16
power
54
22.90
99.90
100.82
101.09
100.25
99.36
97.95
100.31
101.58
101.22
100.57
101.62
103.43
103.66
102.29
100.64
101.50
100.62
101.22
99.77
98.40
99.62
98.89
100.22
clear
43.40
0.37
0.37
0.33
0.35
0.38
0.34
0.27
0.32
0.31
0.34
0.30
0.32
0.28
0.34
0.33
0.30
0.31
0.32
0.38
0.31
0.33
0.32
0.28
power
56
25.00
106.74
106.37
106.12
107.63
105.54
105.99
107.97
108.12
107.38
107.90
106.75
106.38
105.74
104.55
105.34
107.75
109.78
108.19
108.25
109.48
111.04
111.43
113.00
clear
46.19
-0.21
-0.26
-0.28
-0.25
-0.34
-0.33
-0.35
-0.34
-0.28
-0.29
-0.31
-0.22
-0.26
-0.24
-0.34
-0.33
-0.30
-0.33
-0.28
-0.30
-0.29
-0.34
-0.32
power
58
28.21
115.87
116.49
116.17
116.67
116.49
116.44
116.70
115.23
116.89
117.79
119.59
118.93
116.42
116.33
117.49
116.89
117.91
118.43
118.21
116.76
118.26
118.90
118.36
clear
47.66
-0.23
-0.24
-0.26
-0.24
-0.20
-0.33
-0.29
-0.28
-0.29
-0.31
-0.26
-0.24
-0.26
-0.29
-0.26
-0.28
-0.24
-0.24
-0.24
-0.25
-0.24
-0.27
-0.28
power
60
22.04
122.12
123.56
123.45
121.32
121.90
124.30
125.01
124.83
127.47
125.42
125.14
128.42
126.99
124.56
125.52
124.51
121.89
121.18
121.22
121.25
122.41
122.07
122.53
clear
47.70
0.28
0.27
0.21
0.19
0.22
0.18
0.15
0.16
0.15
0.17
0.17
0.20
0.18
0.16
0.21
0.22
0.19
0.24
0.19
0.16
0.14
0.10
0.08
power
62
21.27
126.05
131.21
130.63
130.83
129.35
131.23
133.32
134.87
134.29
134.27
132.16
132.58
131.18
131.44
133.15
131.79
131.90
131.59
131.17
131.90
131.80
130.22
129.21
clear
53.95
0.43
0.44
0.34
0.32
0.35
0.32
0.32
0.38
0.38
0.38
0.37
0.39
0.34
0.27
0.40
0.37
0.35
0.37
0.39
0.44
0.49
0.39
0.44
power
64
27.21
137.15
141.71
142.47
141.93
141.29
141.61
141.12
143.17
143.90
142.57
140.97
140.08
141.83
141.91
141.19
141.41
141.93
143.29
143.54
144.74
143.03
140.23
140.44
clear
55.98
-1.26
-1.11
-1.17
-1.22
-1.17
-1.18
-1.16
-1.21
-1.19
-1.23
-1.22
-1.19
-1.18
-1.13
-1.20
-1.19
-1.17
-1.18
-1.20
-1.13
-1.12
-1.12
-1.15
power
66
25.00
144.87
148.10
150.23
148.10
148.19
148.94
147.87
146.70
147.63
148.74
148.40
146.70
146.77
146.97
145.26
145.87
148.40
147.67
146.21
147.21
147.18
147.05
147.15
clear
58.00
0.52
0.52
0.53
0.54
0.55
0.52
0.61
0.63
0.57
0.64
0.67
0.61
0.67
0.65
0.61
0.64
0.66
0.59
0.58
0.69
0.72
0.59
0.65
power
68
25.50
152.03
153.89
155.32
154.17
153.76
153.65
154.51
155.08
154.29
155.50
154.01
155.35
155.75
155.83
154.61
155.62
154.72
155.16
154.43
154.90
155.15
155.30
156.31
clear
64.72
-2.78
-2.40
-2.20
-2.15
-2.12
-2.07
-2.09
-2.04
-1.98
-2.00
-2.00
-1.90
-1.89
-1.96
-1.91
-1.94
-1.90
-1.92
-1.86
-1.89
-1.90
-1.91
-1.84
power
70
30.27
158.53
160.89
162.25
163.69
163.88
164.89
165.11
165.05
165.95
167.40
167.45
165.38
163.36
163.37
163.30
164.61
165.96
165.94
165.11
168.19
167.39
165.84
164.42
clear
67.96
-1.33
-1.33
-1.36
-1.38
-1.33
-1.38
-1.40
-1.37
-1.39
-1.37
-1.30
-1.32
-1.29
-1.30
-1.32
-1.29
-1.34
-1.32
-1.34
-1.32
-1.31
-1.35
-1.33
power
72
37.02
