power
5
0.02
-0.03
0.07
0.05
0.02
0.05
-0.01
-0.01
-0.04
-0.04
-0.06
-0.03
-0.06
-0.04
-0.07
0.00
-0.02
-0.02
-0.03
0.03
0.04
-0.00
0.06
0.02
clear
0.01
0.03
0.07
0.07
0.11
0.07
0.08
0.09
0.12
0.14
0.09
0.10
0.14
0.12
0.12
0.12
0.19
0.17
0.22
0.21
0.17
0.15
0.20
0.17
power
10
-1.04
-1.51
-1.47
-1.53
-1.49
-1.54
-1.58
-1.59
-1.54
-1.61
-1.55
-1.54
-1.63
-1.65
-1.58
-1.61
-1.66
-1.68
-1.65
-1.61
-1.61
-1.61
-1.58
-1.63
clear
-1.51
-1.52
-1.57
-1.60
-1.53
-1.56
-1.59
-1.57
-1.54
-1.48
-1.47
-1.53
-1.50
-1.45
-1.48
-1.50
-1.48
-1.50
-1.51
-1.50
-1.39
-1.43
-1.42
-1.39
power
15
0.90
1.98
2.14
2.26
2.34
2.46
2.49
2.43
2.55
2.57
2.62
2.57
2.67
2.64
2.52
2.52
2.42
2.43
2.46
2.55
2.63
2.77
2.95
4.06
clear
3.34
2.63
2.50
2.55
2.51
2.50
2.53
2.61
2.60
2.59
2.53
2.58
2.61
2.59
2.57
2.60
2.54
2.56
2.58
2.59
2.63
2.57
2.61
2.55
power
20
-10.94
-16.57
-15.75
-15.63
-15.30
-15.15
-15.40
-15.22
-14.93
-14.89
-14.90
-14.74
-14.68
-14.43
-14.55
-14.81
-14.88
-14.89
-14.81
-14.86
-14.83
-14.81
-15.05
-15.15
clear
-12.73
-12.16
-12.32
-12.43
-12.39
-12.43
-12.39
-12.45
-12.47
-12.50
-12.48
-12.52
-12.46
-12.53
-12.44
-12.44
-12.51
-12.46
-12.50
-12.46
-12.54
-12.57
-12.56
-12.57
power
25
-1.88
2.79
3.18
3.46
3.22
3.00
2.73
2.67
2.46
2.29
2.91
2.81
2.72
2.53
2.53
2.50
2.38
2.52
2.19
2.33
2.19
2.38
2.41
2.69
clear
3.14
1.57
0.92
0.77
0.72
0.69
0.61
0.59
0.60
0.55
0.52
0.59
0.54
0.52
0.44
0.56
0.55
0.50
0.47
0.45
0.48
0.53
0.58
0.55
power
30
-0.27
10.69
10.79
10.88
10.54
10.09
10.35
10.25
10.46
9.90
9.53
9.97
9.98
9.60
9.77
9.60
9.68
9.31
9.65
9.71
9.82
10.28
10.54
10.32
clear
5.69
0.44
-0.45
-0.78
-0.84
-0.89
-0.84
-0.89
-0.82
-0.89
-0.89
-0.92
-0.86
-0.90
-0.89
-0.87
-0.89
-0.83
-0.86
-0.92
-0.83
-0.84
-0.89
-0.85
power
35
2.83
20.40
21.07
21.54
21.85
20.81
21.48
22.01
22.49
22.37
22.84
22.48
21.90
22.51
22.42
22.04
22.03
21.16
20.91
21.34
21.52
21.76
21.22
21.22
clear
7.97
-1.33
-1.72
-1.84
-1.88
-1.83
-1.74
-1.67
-1.67
-1.66
-1.73
-1.64
-1.67
-1.67
-1.63
-1.66
-1.59
-1.60
-1.54
-1.62
-1.63
-1.64
-1.63
-1.59
power
40
4.89
32.40
33.99
33.40
32.92
32.55
32.44
32.83
32.40
32.10
32.12
31.94
32.24
32.57
33.42
33.85
33.67
33.52
33.12
33.07
33.23
33.75
33.99
33.42
clear
22.16
15.58
14.88
14.72
14.74
14.72
14.75
14.74
14.70
14.69
14.75
14.75
14.78
14.77
14.75
14.78
14.78
14.85
14.82
14.77
14.78
14.78
14.79
14.79
power
45
-3.16
28.74
32.21
34.01
33.84
33.13
33.37
33.57
32.75
32.91
33.27
35.17
35.45
35.44
36.62
35.94
36.12
36.49
36.66
37.11
37.58
37.10
36.80
35.92
clear
11.61
-3.23
-3.31
-3.40
-3.53
-3.36
-3.30
-3.26
-3.48
-3.46
-3.44
-3.43
-3.41
-3.42
-3.41
-3.41
-3.39
-3.38
-3.37
-3.37
-3.34
-3.31
-3.38
-3.34
power
50
6.01
47.23
48.04
47.96
48.43
48.64
47.36
48.08
49.05
48.71
48.86
48.11
48.28
49.35
49.11
49.55
50.83
51.23
49.83
49.65
48.95
49.18
48.86
48.24
clear
14.06
-5.02
-4.84
-4.61
-4.41
-4.31
-4.19
-4.19
-4.16
-4.13
-4.16
-4.08
-4.04
-4.07
-3.98
-4.03
-4.03
-4.03
-4.02
-3.96
-3.96
-3.98
-4.01
-4.06
power
55
12.62
67.20
69.76
68.92
69.20
68.90
67.99
68.58
67.43
67.86
66.92
66.98
67.58
67.18
67.63
68.03
68.92
69.17
69.43
70.73
70.19
69.40
68.17
68.70
clear
23.06
-3.85
-3.79
-3.50
-3.24
-3.15
-2.75
-2.81
-2.89
-2.82
-2.76
-2.74
-2.73
-2.75
-2.75
-2.73
-2.63
-2.63
-2.58
-2.58
-2.60
-2.59
-2.60
-2.54
power
60
18.69
84.46
86.01
87.78
89.02
88.73
88.56
87.86
87.52
86.37
86.80
86.30
86.29
87.83
88.37
87.54
87.05
87.75
86.65
87.08
87.58
87.24
87.88
87.80
clear
31.18
-1.29
-1.03
-0.78
-0.59
-0.46
-0.28
-0.18
-0.08
-0.06
0.04
0.05
0.15
0.22
0.15
0.28
0.51
0.25
0.22
0.11
0.11
0.17
0.22
0.29

