power
0
0.04
0.03
0.01
0.01
0.06
0.07
0.04
0.04
0.04
0.12
0.03
0.01
0.13
0.07
0.08
0.05
0.05
0.07
0.17
0.13
0.22
0.09
0.15
0.04
clear
0.06
0.02
0.03
-0.05
-0.00
-0.01
0.01
0.01
0.02
-0.02
-0.07
-0.11
-0.14
-0.14
-0.10
-0.07
-0.12
-0.17
-0.16
-0.15
-0.10
-0.08
-0.10
-0.11
power
3
0.08
0.06
0.03
-0.01
0.02
-0.07
0.09
0.17
0.04
0.07
3.86
0.43
0.38
0.14
0.22
0.15
0.15
0.07
0.08
0.04
0.10
0.13
0.11
-0.02
clear
0.03
0.09
0.04
0.04
0.03
-0.03
-0.03
-0.04
-0.04
0.01
-0.05
-0.15
-0.12
-0.01
-0.03
-0.04
-0.01
-0.09
0.95
0.29
0.20
0.38
-0.01
-0.01
power
6
-0.08
-0.15
-0.23
-0.26
-0.22
-0.24
-0.24
-0.27
-0.36
-0.41
-0.48
-0.45
-0.46
-0.49
-0.54
-0.56
-0.52
-0.64
-0.58
-0.63
-0.76
-0.83
-0.76
-0.84
clear
-0.85
-0.78
-0.73
-0.75
-0.70
-0.75
-0.71
-0.76
-0.79
-0.79
-0.81
-0.83
-0.88
-0.90
-0.87
-0.94
-0.90
-0.87
-0.95
-0.97
-1.02
-0.99
-0.91
-0.92
power
9
-0.29
-0.17
-0.29
-0.28
-0.28
-0.18
-0.28
-0.31
-0.14
-0.18
-0.18
-0.15
-0.20
-0.25
-0.10
-0.15
-0.19
-0.08
0.01
-0.06
-0.14
-0.02
-0.01
-0.09
clear
0.11
-0.04
0.05
-0.00
-0.06
-0.08
-0.12
-0.06
-0.11
-0.11
-0.14
-0.14
-0.11
-0.13
-0.13
-0.20
-0.26
-0.23
-0.29
-0.33
-0.34
-0.37
-0.35
-0.29
power
12
0.38
1.52
1.44
1.37
1.33
1.27
1.25
1.22
1.17
1.15
0.94
0.92
1.04
1.16
1.12
0.99
0.93
0.91
0.97
1.01
1.01
1.13
1.09
1.10
clear
1.21
1.26
1.27
1.28
1.36
1.38
1.38
1.37
1.37
1.36
1.34
1.31
1.35
1.37
1.37
1.36
1.35
1.34
1.33
1.34
1.29
1.29
1.23
1.17
power
15
0.29
2.01
2.63
2.93
2.77
2.76
2.55
2.59
2.41
2.20
2.24
2.35
2.34
2.30
2.27
2.37
2.61
2.52
2.48
2.32
2.20
2.17
2.17
1.98
clear
2.33
1.42
1.01
0.91
0.97
1.00
1.09
1.09
1.07
1.13
1.14
1.12
1.10
1.07
1.06
1.03
1.06
1.07
1.08
1.13
1.09
1.08
1.01
1.13
power
18
-0.12
1.25
1.02
0.99
0.97
1.14
1.35
1.43
1.03
0.76
0.79
0.95
1.01
0.87
0.68
0.58
0.51
0.79
0.88
0.85
0.69
0.91
0.98
1.08
clear
3.42
4.50
4.41
4.25
4.22
4.20
4.13
4.20
4.12
4.09
4.03
4.01
3.98
4.03
3.93
3.93
4.02
4.02
4.04
4.02
3.99
4.01
4.01
4.07
power
21
-2.63
-2.94
-2.89
-3.07
-3.16
-3.20
-3.26
-3.26
-3.02
-2.52
-2.89
-2.91
-2.90
-3.18
-3.35
-3.21
-3.08
-3.11
-2.90
-2.95
-3.24
-3.55
-3.72
-3.84
clear
2.59
5.26
4.93
4.82
4.69
4.80
4.75
4.73
4.63
4.72
4.66
4.71
4.68
4.66
4.68
4.68
4.65
4.68
4.71
4.77
4.72
4.69
4.67
4.67
power
24
-4.52
-4.72
-4.24
-4.19
-4.47
-4.08
-3.98
-4.35
-4.32
-4.37
-4.51
-4.76
-4.71
-4.42
-4.33
-4.34
-3.99
-4.29
-4.28
-4.56
-4.46
-4.67
-4.66
-4.87
clear
-0.35
0.78
0.54
0.44
0.33
0.31
0.28
0.26
0.21
0.17
0.12
0.18
0.16
0.16
0.05
-0.26
-0.32
-0.33
-0.33
-0.41
-0.50
-0.43
-0.38
-0.30
power
27
-3.67
0.13
0.13
0.35
0.05
0.14
0.28
-0.11
-0.19
-0.20
-0.36
-0.59
-0.68
-0.59
-0.50
-0.36
-0.49
-0.62
-0.81
-0.77
-0.72
-0.73
-1.18
-0.98
clear
1.08
0.56
0.45
0.37
0.33
0.32
0.31
0.32
0.31
0.35
0.37
0.42
0.43
0.41
0.39
0.45
0.42
0.37
0.37
0.38
0.36
0.44
0.44
0.45
power
30
-3.34
3.13
3.28
2.89
3.18
3.22
3.50
3.53
3.23
3.46
3.50
3.54
3.37
3.77
3.61
3.52
3.47
4.07
4.23
4.22
3.75
3.50
3.71
3.70
clear
1.84
-0.27
-0.27
-0.33
-0.31
-0.38
-0.29
-0.34
-0.32
-0.30
-0.32
-0.33
-0.28
-0.25
-0.27
-0.23
-0.25
-0.26
-0.22
-0.25
-0.19
-0.23
-0.18
-0.20
power
33
-2.27
9.34
9.64
9.06
9.34
8.96
9.03
9.23
9.54
9.73
9.65
9.29
9.64
9.83
9.62
9.62
9.50
10.06
10.18
9.30
9.07
9.11
9.23
9.26
clear
3.51
-1.06
-1.11
-1.09
-1.15
-1.15
-1.11
-1.13
-1.15
-1.14
-1.11
-1.09
-1.04
-1.00
-1.07
-1.04
-1.00
-0.99
-1.01
-1.05
-1.06
-1.04
-1.07
-1.01
power
36
0.05
16.72
17.82
18.28
17.62
17.49
17.13
17.60
17.39
17.14
17.13
16.67
17.48
17.65
17.54
17.63
17.59
18.19
18.25
18.06
17.55
18.41
18.56
17.69
clear
7.01
0.78
0.76
0.72
0.85
0.81
0.89
0.91
0.93
0.92
0.93
1.03
1.05
1.05
0.99
1.04
1.17
1.08
1.13
1.09
1.12
1.09
1.14
1.11
power
39
0.44
20.55
22.70
23.50
23.09
22.16
21.35
21.12
21.74
22.09
22.31
22.34
22.53
23.37
23.14
22.34
22.70
23.11
22.58
23.10
23.81
24.22
24.51
24.35
clear
8.95
-3.38
-3.61
-3.56
-3.54
-3.48
-3.41
-3.34
-3.31
-3.39
-3.35
-3.27
-3.24
-3.26
-3.26
-3.24
-3.31
-3.30
-3.30
-3.32
-3.23
-3.29
-3.24
-3.22
power
42
3.51
31.71
33.86
34.02
34.16
34.42
34.13
33.99
33.91
32.34
32.43
32.17
32.85
33.34
33.48
33.52
33.30
33.46
33.50
33.42
33.51
33.17
33.57
33.77
clear
14.48
-2.03
-1.93
-1.86
-1.75
-1.71
-1.68
-1.68
-1.66
-1.59
-1.62
-1.56
-1.55
-1.44
-1.37
-1.49
-1.49
-1.48
-1.43
-1.46
-1.50
-1.53
-1.49
-1.49
power
45
1.73
41.71
45.00
45.24
44.50
44.20
43.62
43.58
42.91
43.05
43.83
43.98
43.78
44.56
44.29
44.61
44.67
44.30
44.42
44.82
45.14
45.15
45.66
45.02
clear
26.87
11.97
12.12
12.26
12.33
12.41
12.50
12.55
12.54
12.52
12.57
12.59
12.57
12.59
12.62
12.66
12.59
12.66
12.65
12.64
12.70
12.65
12.69
12.68
power
48
-0.23
39.29
40.36
40.69
40.83
40.70
40.14
39.82
39.85
38.86
39.98
40.19
39.70
40.66
40.45
41.29
41.83
41.61
41.54
42.17
42.35
41.89
41.06
41.54
clear
16.92
3.30
3.53
3.72
3.91
3.95
4.02
4.08
4.01
4.02
4.02
4.09
4.15
4.14
4.09
4.08
4.15
4.05
3.09
2.68
2.76
2.90
2.91
2.95
power
51
1.89
43.47
44.29
44.64
45.25
45.05
44.81
45.34
46.01
45.20
45.62
45.61
46.03
46.03
47.14
46.68
46.12
45.94
46.52
45.73
46.21
45.97
45.53
45.32
clear
15.58
-2.02
-1.92
-1.79
-1.74
-1.63
-1.60
-1.59
-1.52
-1.44
-1.46
-1.45
-1.43
-1.41
-1.32
-1.35
-1.32
-1.31
-1.29
-1.29
-1.30
-1.29
-1.21
-1.30
power
54
1.32
50.95
53.01
54.83
56.07
55.76
54.66
54.61
54.24
53.95
55.65
56.00
55.82
55.67
54.92
54.61
54.40
54.98
54.12
54.33
55.41
55.12
56.50
56.42
clear
20.55
-3.72
-3.12
-2.90
-2.72
-2.61
-2.59
-2.50
-2.49
-2.43
-2.44
-2.52
-2.40
-2.36
-2.38
-2.26
-2.31
-2.35
-2.29
-2.31
-2.21
-2.23
-2.21
-2.21
power
57
2.48
64.25
65.89
65.98
65.80
65.09
64.67
64.94
65.16
65.75
66.86
67.13
67.40
67.18
66.88
66.97
66.37
67.45
67.33
67.69
67.47
67.06
66.22
66.55
clear
21.88
-4.22
-3.82
-3.57
-3.45
-3.37
-3.22
-3.21
-3.18
-3.09
-3.04
-3.00
-2.92
-2.91
-2.91
-2.81
-2.80
-2.84
-2.84
-2.82
-2.83
-2.78
-2.75
-2.73
power
60
2.53
73.51
77.84
78.52
77.80
76.82
77.03
77.03
78.30
77.70
78.65
78.93
77.53
77.27
77.16
78.38
78.15
78.48
79.08
78.42
77.93
78.98
79.92
79.22
clear
28.56
-1.90
-1.75
-1.59
-1.44
-1.28
-1.17
-1.10
-1.06
-0.99
-0.92
-0.86
-0.84
-0.80
-0.85
-0.70
-0.78
-0.78
-0.76
-0.78
-0.76
-0.73
-0.66
-0.76
power
63
15.89
87.41
89.33
90.16
89.51
90.13
89.09
89.36
88.58
89.83
90.11
90.46
91.34
91.79
91.49
90.85
90.90
90.20
90.12
89.37
88.77
89.04
90.25
90.32
clear
57.82
27.23
26.23
26.28
26.26
26.41
26.39
26.43
26.42
26.46
26.47
26.46
26.45
26.42
26.43
26.46
26.51
26.47
26.36
26.43
26.33
26.34
26.34
26.31
