-0.24
-0.15
-0.18
-0.32
-0.40
-0.16
-0.22
-0.13
clear
-0.20
-0.23
-0.25
-0.24
-0.16
-0.13
-0.22
-0.22
-0.35
-0.40
-0.42
-0.46
-0.43
-0.37
-0.19
-0.23
-0.20
-0.09
-0.00
-0.17
-0.29
-0.37
-0.37
-0.43
power
3
-0.07
-0.07
-0.00
0.03
-0.06
-0.03
-0.10
-0.09
-0.11
-0.13
-0.17
-0.09
-0.15
-0.07
0.06
-0.05
-0.10
-0.04
-0.07
-0.17
-0.15
-0.08
-0.05
-0.12
clear
-0.11
-0.19
-0.27
-0.29
-0.25
-0.24
-0.26
-0.31
-0.23
-0.23
-0.27
-0.33
-0.34
-0.29
-0.33
-0.32
-0.32
-0.43
-0.42
-0.36
-0.39
-0.33
-0.32
-0.42
power
6
-0.05
-0.01
0.08
-0.02
-0.01
-0.04
-0.01
0.04
0.02
-0.05
-0.02
-0.12
-0.06
-0.11
-0.16
-0.09
-0.07
-0.06
0.03
-0.06
-0.00
0.12
-0.00
0.14
clear
0.17
-0.08
-0.07
-0.04
-0.09
-0.12
-0.26
-0.30
-0.23
-0.24
-0.21
-0.29
-0.22
-0.20
-0.10
-0.23
-0.30
-0.25
-0.13
-0.03
-0.08
-0.08
-0.15
-0.09
power
9
-0.15
0.07
-0.12
-0.23
-0.01
-0.18
-0.28
-0.14
-0.08
-0.19
-0.09
0.02
-0.11
0.01
0.03
0.07
-0.15
-0.06
-0.29
-0.22
-0.33
-0.33
-0.10
-0.13
clear
-0.17
-0.17
-0.16
-0.27
-0.32
-0.22
-0.26
-0.26
-0.12
-0.23
-0.22
-0.30
-0.17
-0.25
-0.35
-0.37
-0.35
-0.40
-0.40
-0.39
-0.41
-0.34
-0.22
-0.34
power
12
-0.37
0.04
0.05
-0.14
-0.08
0.10
-0.11
-0.12
-0.09
-0.05
0.02
-0.15
-0.38
-0.21
-0.14
-0.04
-0.08
-0.07
-0.07
0.09
0.01
-0.08
-0.15
0.01
clear
0.05
-0.20
0.03
-0.02
-0.07
-0.01
-0.05
-0.05
-0.04
-0.04
-0.03
0.02
0.02
-0.10
0.04
-0.02
-0.07
0.03
0.04
-0.07
-0.06
-0.07
-0.11
-0.12
power
15
-0.53
-0.19
-0.31
-0.40
-0.45
-0.67
-0.65
-0.55
-0.39
-0.52
-0.43
-0.72
-0.80
-0.57
-0.64
-0.55
-0.58
-0.59
-0.57
-0.57
-0.44
-0.41
-0.33
-0.29
clear
-0.39
-0.74
-0.78
-0.74
-0.79
-0.84
-0.86
-0.80
-0.75
-0.76
-0.66
-0.74
-0.75
-0.82
-0.83
-0.80
-0.87
-0.84
-0.82
-0.80
-0.79
-0.88
-0.84
-0.83
power
18
-7.69
-11.54
-11.16
-10.96
-10.72
-10.64
-10.45
-10.36
-10.62
-10.39
-10.28
-10.26
-10.05
-10.16
-10.37
-10.39
-10.18
-10.06
-9.91
-10.21
-10.35
-10.08
-10.23
-10.17
clear
-9.89
-10.19
-10.17
-10.22
-10.22
-10.16
-10.16
-10.22
-10.15
-10.19
-10.17
-10.15
-10.03
-10.07
-10.13
-10.17
-10.06
-9.99
-10.07
-10.09
-10.07
-10.15
-10.15
-10.20
power
21
-0.93
-0.05
-0.29
-0.34
-0.13
-0.72
-1.08
-0.83
-0.56
-0.32
0.11
0.32
0.19
0.16
-0.06
-0.64
-0.96
-1.17
-0.40
-0.17
-0.11
-0.08
-0.23
-0.40
clear
1.43
2.01
1.94
1.88
1.71
1.71
1.75
1.72
1.62
1.70
1.72
1.73
1.63
1.67
1.73
1.67
1.72
1.66
1.62
1.65
1.61
1.62
1.54
1.65
power
24
-2.53
-4.30
-3.66
-3.37
-2.90
-3.47
-3.39
-3.03
-3.20
-3.49
-3.56
-3.30
-3.51
-3.85
-3.72
-3.12
-3.09
-3.41
-3.36
-3.51
-3.82
-3.34
-3.36
-3.44
clear
0.81
2.52
2.18
2.03
1.98
1.89
1.84
1.77
1.62
1.77
1.92
1.94
1.95
1.91
1.93
1.99
2.00
1.94
1.92
1.83
1.89
1.95
1.81
1.85
power
27
-5.95
-7.68
-7.15
-6.68
-6.17
-6.09
-6.04
-5.98
-5.79
-5.60
-5.51
-5.67
-5.76
-5.53
-5.32
-5.19
-5.26
-5.54
-5.69
-5.98
-6.16
-6.62
-6.74
-6.64
clear
1.36
5.49
4.91
4.63
4.47
4.20
4.17
4.11
4.12
4.09
4.02
3.95
3.94
3.93
3.88
3.81
3.83
3.89
3.83
3.81
3.92
3.82
3.81
3.80
power
30
-7.79
-9.58
-8.57
-8.30
-8.77
-8.81
-9.06
-9.37
-8.67
-8.69
-8.63
-8.38
-8.45
-8.71
-8.65
-8.12
-8.25
-9.14
-9.15
-9.25
-9.54
-9.45
-9.08
-9.26
clear
0.49
5.79
5.78
5.60
5.47
5.32
5.87
9.29
25.02
23.99
22.03
22.48
21.59
20.86
20.63
18.85
18.86
19.04
18.77
19.02
20.59
21.11
21.45
21.16
power
33
-11.09
-14.12
-12.70
-12.35
-12.42
-13.06
-14.33
-14.36
-16.41
-18.24
-19.44
-18.77
-18.10
-18.99
-18.63
-18.60
-18.93
-19.29
-22.59
-25.75
-27.09
-27.19
-26.56
-25.25
clear
-13.00
-9.60
-10.63
-11.16
-11.67
-12.07
-14.45
-15.36
-15.60
-15.12
-11.10
-11.72
-11.28
-12.12
-11.89
-11.20
-10.47
-10.14
-9.73
-8.97
-8.14
-6.79
-7.04
-6.53
power
36
-10.90
-15.28
-13.17
-11.47
-12.61
-8.74
-1.34
9.50
-0.68
-0.08
39.99
165.23
112.76
3.83
-2.98
-13.34
-19.75
-22.84
-22.65
-23.22
-24.16
-24.65
-26.23
-24.97
clear
-11.71
-6.20
-4.77
-1.93
-0.32
0.04
0.44
1.24
2.02
1.02
1.46
1.95
1.59
1.91
2.92
3.35
-2.12
-10.24
-8.83
1.35
7.20
19.26
24.29
22.90
power
39
-8.49
-9.48
-5.21
-7.01
-17.65
-31.79
-37.34
-40.03
-40.40
-39.06
-40.56
-41.16
-40.87
-41.28
-40.51
-41.15
-40.95
-40.32
-39.82
-40.11
-40.33
-39.77
-38.27
-37.01
clear
-23.77
-14.36
-13.70
-14.14
-15.37
-14.79
-14.44
-15.54
-16.37
-15.19
-15.69
-16.04
-13.19
-11.76
-12.57
-13.08
-13.95
-14.06
-13.53
-12.73
-12.77
-14.18
-14.82
-15.14
power
42
-9.89
-10.32
-11.58
-12.29
-11.20
-11.77
-10.33
-11.14
-14.05
-19.27
-24.76
-24.31
-22.58
-22.35
-22.76
-21.50
-20.37
-20.85
-20.71
-20.75
-22.42
-24.13
-23.61
-23.55
clear
-12.48
-6.31
-6.86
-7.35
-7.82
-8.47
-8.77
-8.84
-8.93
-8.91
-9.49
-9.40
-8.51
-4.70
-3.10
-5.15
1.67
2.80
0.68
-0.94
-3.93
-5.56
-3.57
1.72
power
45
-12.96
-15.54
-12.59
-4.05
-3.31
-3.34
-5.03
-7.03
-5.81
-6.15
-6.16
-5.31
-4.58
-2.33
-1.56
-1.83
-1.37
-1.58
-3.56
-8.09
-9.99
-12.02
-21.38
-31.56
clear
-18.60
-9.41
-9.57
-9.45
-9.79
-10.31
-10.33
-10.33
-9.76
-7.63
-6.95
-6.01
-6.14
-6.79
-7.15
-8.80
-9.42
-10.48
-10.04
-9.85
-9.48
-9.11
-9.18
-9.02
power
48
-13.23
-19.38
-18.28
-18.06
-16.49
-17.64
-20.98
-21.87
-22.11
-21.94
-20.70
-20.64
-20.22
-20.70
-19.46
-18.97
-17.86
-19.57
-21.14
-20.84
-20.84
-22.80
-23.26
-21.73
clear
-7.37
2.67
3.43
4.13
4.17
4.94
4.91
4.80
3.85
3.53
3.82
4.85
5.29
5.26
4.73
6.99
7.38
6.84
6.61
6.95
7.12
6.68
6.47
6.41
power
51
-13.78
-18.91
-17.97
-21.51
-25.16
-30.34
-29.61
-29.18
-28.55
-28.35
-27.66
-27.35
-27.56
-27.98
-25.95
-26.42
-27.79
-26.87
-25.84
-27.25
-27.57
-28.82
-29.85
-30.43
clear
-20.53
-14.27
-14.28
-14.33
-14.45
-14.62
-14.67
-14.60
-14.56
-14.31
-14.47
-14.57
-14.84
-14.97
-15.03
-15.12
-15.24
-11.43
-0.83
4.69
3.59
3.49
3.34
3.41
power
54
-9.68
-20.40
-16.55
-16.42
-16.23
-15.40
-17.54
-17.98
-18.10
-18.00
-17.04
-17.46
-19.27
-20.27
-20.33
-20.23
-20.14
-20.09
-20.32
-20.61
-20.41
-21.20
-21.35
-20.84
clear
-13.40
-9.64
-10.64
-11.02
-11.72
-10.61
-10.16
-10.66
-12.19
-13.33
-13.93
-14.97
-15.17
-14.25
-14.96
-15.61
-15.90
-15.61
-15.81
-15.88
-15.30
-14.01
-13.18
-13.57
power
57
-2.50
-1.30
1.99
3.71
3.45
3.44
2.97
1.95
2.64
2.10
1.62
1.64
1.83
1.29
1.72
1.63
1.68
2.12
1.47
2.53
2.18
1.53
2.76
2.55
clear
0.84
-2.15
-7.51
-16.64
-18.40
-18.43
-18.32
-18.34
-18.36
-18.38
-18.57
-19.49
-15.73
-8.95
-8.58
-10.41
-9.88
-7.51
-6.66
-7.18
-7.01
-4.98
-3.54
-4.87
power
60
-0.85
19.61
29.03
28.87
28.05
28.93
30.42
29.75
30.52
29.50
28.62
29.28
29.21
29.70
30.64
30.63
29.33
28.77
29.57
28.56
29.79
31.68
30.44
30.94
clear
33.94
30.20
24.29
20.35
22.08
24.03
24.63
25.00
25.64
27.97
29.02
29.15
28.20
26.98
26.87
27.59
28.17
25.99
26.75
26.95
28.17
29.13
30.05
29.25
power
63
-3.92
7.74
10.22
13.23
14.13
14.41
14.51
14.63
12.95
7.07
3.35
1.53
0.25
0.90
1.71
1.15
-1.24
-1.08
-0.81
-1.37
-1.56
0.37
-0.39
-3.54
clear
-18.87
-31.10
-36.46
-35.91
-34.35
-32.52
-32.66
-33.64
-33.46
-33.42
-33.58
-33.87
-33.36
-33.38
-32.52
-32.31
-32.19
-31.83
-30.94
-30.30
-30.55
-30.38
-30.43
-30.22
power
66
-1.10
38.81
40.31
41.76
41.25
40.98
41.63
43.66
43.66
43.05
41.62
42.25
41.24
39.60
40.70
40.96
42.94
43.05
39.60
39.32
37.19
39.07
39.61
40.23
clear
15.49
-2.60
2.50
13.13
9.31
8.76
8.57
8.17
8.49
11.03
11.83
11.30
10.10
9.46
9.67
9.25
11.09
11.33
9.50
8.90
8.38
7.62
8.29
9.20
power
69
1.06
44.91
45.80
46.03
45.53
46.49
44.74
44.72
45.16
47.89
48.62
49.00
48.55
49.99
49.91
50.63
47.91
47.18
46.29
44.21
44.17
46.01
46.63
46.76
clear
20.93
2.99
6.02
7.02
7.51
8.28
44.34
48.25
24.90
28.94
37.07
38.08
36.41
34.19
32.39
29.97
29.92
32.52
34.78
43.28
47.10
47.87
48.60
51.07
power
72
-3.15
19.24
23.61
25.63
27.18
26.86
25.09
22.21
23.24
23.39
23.44
23.07
19.22
17.47
16.16
16.24
15.85
16.13
17.44
16.78
17.19
18.11
17.30
14.61
clear
3.88
-17.58
-32.01
-31.93
-30.56
-33.21
-39.65
-53.36
-60.18
-59.43
-63.45
-71.16
-72.19
-72.04
-72.16
-72.04
-71.86
-72.12
-72.30
-72.38
-72.43
-72.54
-72.65
-72.62
power
75
8.32
60.25
74.45
92.30
92.49
90.19
84.56
76.18
14.45
-24.55
21.92
70.97
78.38
84.39
85.13
83.95
85.26
82.80
80.11
77.82
78.51
79.45
63.00
85.04
clear
36.43
20.94
23.92
19.41
17.92
16.72
16.73
18.18
18.89
19.67
17.84
13.39
12.57
13.81
14.61
16.43
17.25
16.44
15.69
15.75
15.76
15.16
17.82
21.32
power
78
