-0.02
-0.02
0.01
0.03
0.10
0.06
0.12
0.03
0.07
0.12
0.18
0.12
0.13
0.07
0.20
0.19
0.15
0.52
0.72
0.31
clear
0.22
0.24
0.27
0.27
0.30
0.29
0.27
0.26
0.25
0.21
0.15
0.10
0.18
0.15
0.16
0.09
0.13
0.21
0.19
0.11
0.12
-0.01
0.05
0.06
power
140
0.12
0.04
0.01
-0.01
0.05
0.02
0.04
0.06
0.08
0.05
0.19
0.19
power
0
0.24
0.88
1.62
1.30
1.25
1.58
1.71
1.80
1.81
1.85
1.76
1.73
1.70
1.84
1.82
1.70
1.80
1.83
1.74
1.75
1.82
1.77
1.82
1.84
clear
1.74
1.82
1.78
1.79
1.77
1.80
1.82
1.81
1.77
1.77
1.82
1.78
1.82
1.75
1.73
1.68
1.73
1.69
1.67
1.73
1.72
1.71
1.72
1.78
power
5
-0.15
-0.20
-0.17
-0.10
-0.14
-0.13
0.13
0.73
0.41
0.01
-0.16
-0.13
-0.20
-0.28
-0.41
-0.39
-0.39
-0.40
-0.39
-0.42
-0.42
-0.46
-0.46
-0.48
clear
-0.33
-0.32
-0.35
-0.46
-0.47
-0.49
-0.60
-0.62
-0.66
-0.58
-0.59
-0.54
-0.49
-0.54
-0.58
-0.58
-0.70
-0.78
-0.86
-0.79
-0.83
-0.85
-0.87
-0.73
power
10
1.37
3.17
3.09
3.13
3.11
3.02
2.98
2.91
2.87
2.86
2.74
2.79
2.81
2.78
2.77
2.83
2.83
2.77
2.74
2.71
2.72
2.70
2.76
2.77
clear
2.76
2.72
2.80
2.83
2.77
2.78
2.76
2.72
2.70
2.66
2.63
2.59
2.60
2.60
2.61
2.55
2.50
2.48
2.51
2.52
2.61
2.62
2.57
2.52
power
15
-0.27
-0.24
0.22
0.51
0.81
0.98
0.89
0.87
0.95
0.72
0.71
0.86
0.82
0.77
0.68
0.68
0.75
0.70
0.72
0.59
0.46
0.48
0.55
0.53
clear
0.16
-0.62
-0.63
-0.53
-0.54
-0.55
-0.56
-0.51
-0.49
-0.55
-0.61
-0.54
-0.54
-0.58
-0.61
-0.53
-0.57
-0.61
-0.55
-0.49
-0.51
-0.46
-0.51
-0.50
power
20
-0.18
0.33
0.23
-0.01
-0.10
-0.04
-0.26
-0.22
-0.09
0.02
-0.38
-0.02
0.27
0.43
0.24
-0.09
0.01
-0.09
-0.25
-0.20
-0.14
-0.37
-0.38
-0.33
clear
0.86
1.33
1.25
1.25
1.24
1.29
1.28
1.30
1.30
1.25
1.29
1.23
1.29
1.29
1.30
1.25
1.29
1.34
1.43
1.44
1.45
1.38
1.27
1.30
power
25
-0.19
2.86
3.00
3.81
3.46
3.26
3.50
3.44
3.36
3.03
2.48
2.52
2.49
2.69
2.61
2.39
2.50
2.54
2.49
2.44
2.79
3.13
2.69
2.67
clear
1.84
0.53
0.39
0.29
0.39
0.35
0.46
0.42
0.51
0.51
0.56
0.56
0.53
0.54
0.53
0.53
0.60
0.58
0.61
0.59
0.55
0.53
0.57
0.52
power
30
-0.88
6.85
7.06
7.81
8.11
7.34
7.69
7.62
7.42
6.98
7.01
6.81
7.02
6.91
6.49
6.63
6.90
6.57
6.53
6.51
7.00
7.13
7.04
7.12
clear
3.76
0.65
0.27
0.10
0.06
0.11
0.14
0.21
0.18
0.17
0.25
0.29
0.23
0.26
0.19
0.30
0.29
0.30
0.33
0.28
0.25
0.26
0.30
0.29
power
35
0.73
15.65
15.53
15.64
15.73
15.47
15.17
14.69
14.87
14.97
15.08
15.45
16.08
15.75
15.76
16.15
16.23
16.76
17.10
16.51
16.85
16.91
16.70
16.46
clear
9.32
3.02
2.99
2.98
3.08
3.01
3.10
3.11
3.17
3.17
3.26
3.24
3.29
3.25
3.25
3.33
3.28
3.31
3.36
3.35
3.34
3.32
3.36
3.39
power
40
2.41
27.00
27.92
27.08
26.97
27.80
27.93
26.70
25.45
25.41
25.79
25.60
25.58
25.32
25.12
25.21
24.76
24.99
24.68
24.97
25.30
25.52
25.95
26.67
clear
10.37
-1.32
-1.57
-1.50
-1.31
-1.27
-1.17
-1.10
-1.07
-1.01
-1.03
-0.94
-0.99
-1.00
-0.97
-0.91
-0.84
-0.82
-0.74
-0.80
-0.81
-0.81
-0.85
-0.80
power
45
7.15
42.10
45.06
46.27
45.67
44.65
43.90
43.10
42.99
42.67
43.12
43.28
43.38
43.58
43.06
43.37
44.06
44.05
44.88
44.46
44.26
43.74
43.47
43.41
clear
26.56
15.17
14.94
14.95
15.02
15.03
15.08
15.13
14.98
13.95
13.95
14.10
14.10
14.16
14.28
14.24
14.31
14.28
14.19
14.25
14.20
14.25
14.26
14.25
power
50
1.38
41.62
43.47
44.98
45.26
44.95
44.55
45.11
44.89
44.86
45.10
45.61
45.94
45.62
46.16
47.59
48.13
47.57
47.80
46.21
45.80
46.26
45.97
45.86
clear
20.04
3.59
3.04
3.07
3.25
3.32
3.38
3.43
3.46
3.44
3.53
3.51
3.50
3.56
3.53
3.60
3.64
3.61
3.62
3.62
3.60
3.61
3.66
3.68
power
55
4.56
53.84
55.82
58.15
58.22
57.21
55.37
56.94
55.92
56.39
56.37
55.15
55.92
56.85
56.42
56.43
55.95
56.66
55.50
57.68
59.01
58.59
58.51
59.20
clear
18.56
-6.96
-7.02
-6.99
-6.80
-6.65
-6.55
-6.48
-6.47
-6.50
-6.47
-6.43
-6.41
-6.29
-6.26
-6.13
-5.97
-5.91
-5.83
-5.84
-5.83
-5.85
-5.83
-5.84
power
60
10.93
75.37
76.66
77.42
76.91
76.47
76.23
76.03
75.94
75.19
75.38
75.04
76.53
77.92
78.72
79.84
80.35
79.48
80.77
80.24
79.70
77.95
78.05
79.05
clear
25.71
-7.57
-7.40
-7.18
-7.09
-7.19
-7.23
-7.08
-6.98
-6.85
-6.84
-6.71
-6.67
-6.65
-5.99
-5.47
-3.75
-3.42
-3.33
-5.14
-9.63
-9.23
-9.30
-9.51
power
65
10.12
78.68
-0.01
-19.40
-19.69
-18.02
-18.00
-18.92
-19.41
